0 0.9 0.0002 0.0998
0.1 0.900146 0.0002256 0.0996284
0.2 0.900285 0.000254487 0.0994607
0.3 0.900415 0.000287083 0.0992974
0.4 0.900537 0.000323865 0.099139
0.5 0.900649 0.000365372 0.0989861
0.6 0.900748 0.000412211 0.0988393
0.7 0.900836 0.000465066 0.0986993
0.8 0.900908 0.000524711 0.098567
0.9 0.900965 0.000592017 0.0984433
1 0.901003 0.000667967 0.0983293
1.1 0.90102 0.000753668 0.0982262
1.2 0.901014 0.000850368 0.0981353
1.3 0.900982 0.000959473 0.098058
1.4 0.900921 0.00108257 0.0979962
1.5 0.900827 0.00122144 0.0979518
1.6 0.900695 0.00137808 0.0979269
1.7 0.900521 0.00155477 0.097924
1.8 0.9003 0.00175402 0.0979458
1.9 0.900026 0.00197869 0.0979955
2 0.899691 0.00223198 0.0980765
2.1 0.89929 0.00251747 0.0981928
2.2 0.898812 0.00283916 0.0983489
2.3 0.898249 0.00320157 0.0985497
2.4 0.897589 0.00360968 0.0988008
2.5 0.896822 0.00406911 0.0991085
2.6 0.895934 0.00458608 0.09948
2.7 0.894909 0.00516751 0.0999231
2.8 0.893732 0.00582105 0.100447
2.9 0.892384 0.0065552 0.101061
3 0.890844 0.00737929 0.101776
3.1 0.88909 0.00830357 0.102606
3.2 0.887098 0.00933925 0.103563
3.3 0.884838 0.0104985 0.104664
3.4 0.882281 0.0117946 0.105924
3.5 0.879395 0.0132416 0.107363
3.6 0.876143 0.0148547 0.109003
3.7 0.872486 0.0166498 0.110864
3.8 0.868383 0.0186435 0.112973
3.9 0.863789 0.020853 0.115358
4 0.858658 0.0232957 0.118046
4.1 0.85294 0.0259886 0.121072
4.2 0.846584 0.0289482 0.124468
4.3 0.839539 0.0321897 0.128272
4.4 0.831752 0.0357261 0.132522
4.5 0.823174 0.0395676 0.137258
4.6 0.813756 0.0437203 0.142523
4.7 0.803456 0.0481853 0.148359
4.8 0.792234 0.0529574 0.154808
4.9 0.780063 0.0580239 0.161913
5 0.766925 0.0633632 0.169712
5.1 0.752812 0.0689441 0.178244
5.2 0.737736 0.0747246 0.187539
5.3 0.721722 0.0806518 0.197626
5.4 0.704817 0.0866617 0.208522
5.5 0.687083 0.0926799 0.220237
5.6 0.668605 0.098623 0.232772
5.7 0.649486 0.104401 0.246114
5.8 0.629845 0.109918 0.260238
5.9 0.609816 0.115079 0.275106
6 0.589543 0.119791 0.290666
6.1 0.569178 0.123967 0.306856
6.2 0.548871 0.127531 0.323597
6.3 0.528774 0.130421 0.340804
6.4 0.509028 0.13259 0.358382
6.5 0.489762 0.13401 0.376228
6.6 0.471093 0.134671 0.394237
6.7 0.453118 0.13458 0.412302
6.8 0.435917 0.133764 0.430319
6.9 0.419552 0.132263 0.448185
7 0.404066 0.130129 0.465805
7.1 0.389484 0.127424 0.483092
7.2 0.375816 0.124219 0.499965
7.3 0.363059 0.120585 0.516356
7.4 0.351199 0.116596 0.532205
7.5 0.340212 0.112324 0.547464
7.6 0.330068 0.107838 0.562094
7.7 0.320729 0.103203 0.576068
7.8 0.312158 0.0984783 0.589364
7.9 0.304311 0.0937166 0.601972
8 0.297147 0.0889646 0.613889
8.1 0.290622 0.0842623 0.625116
8.2 0.284694 0.0796436 0.635662
8.3 0.279323 0.0751364 0.645541
8.4 0.274468 0.0707632 0.654769
8.5 0.270092 0.0665415 0.663366
8.6 0.26616 0.0624843 0.671355
8.7 0.262639 0.0586008 0.678761
8.8 0.259496 0.0548967 0.685607
8.9 0.256703 0.051375 0.691921
9 0.254234 0.0480362 0.69773
9.1 0.252061 0.0448788 0.70306
9.2 0.250164 0.0418997 0.707937
9.3 0.248519 0.0390945 0.712387
9.4 0.247107 0.0364578 0.716435
9.5 0.24591 0.0339835 0.720106
9.6 0.244911 0.0316649 0.723424
9.7 0.244095 0.029495 0.72641
9.8 0.243447 0.0274666 0.729087
9.9 0.242954 0.0255723 0.731474
10 0.242604 0.0238049 0.733591
10.1 0.242386 0.0221572 0.735456
10.2 0.24229 0.020622 0.737088
10.3 0.242307 0.0191927 0.7385
10.4 0.242427 0.0178624 0.73971
10.5 0.242643 0.0166251 0.740732
10.6 0.242948 0.0154745 0.741578
10.7 0.243334 0.014405 0.742261
10.8 0.243796 0.013411 0.742793
10.9 0.244327 0.0124875 0.743185
11 0.244923 0.0116296 0.743447
11.1 0.245579 0.0108327 0.743588
11.2 0.24629 0.0100926 0.743618
11.3 0.247051 0.00940513 0.743543
11.4 0.24786 0.00876666 0.743373
11.5 0.248713 0.00817367 0.743114
11.6 0.249605 0.00762288 0.742772
11.7 0.250535 0.00711124 0.742353
11.8 0.2515 0.00663593 0.741864
11.9 0.252496 0.00619431 0.74131
12 0.253522 0.00578393 0.740694
12.1 0.254575 0.00540252 0.740023
12.2 0.255653 0.00504796 0.739299
12.3 0.256755 0.00471831 0.738527
12.4 0.257878 0.00441175 0.73771
12.5 0.259021 0.00412659 0.736853
12.6 0.260182 0.00386127 0.735957
12.7 0.26136 0.00361436 0.735025
12.8 0.262554 0.00338452 0.734061
12.9 0.263762 0.0031705 0.733067
13 0.264984 0.00297117 0.732045
13.1 0.266218 0.00278546 0.730997
13.2 0.267463 0.00261238 0.729925
13.3 0.268718 0.00245104 0.72883
13.4 0.269983 0.00230058 0.727716
13.5 0.271257 0.00216024 0.726583
13.6 0.272539 0.00202928 0.725432
13.7 0.273828 0.00190704 0.724265
13.8 0.275124 0.0017929 0.723084
13.9 0.276425 0.00168629 0.721888
14 0.277733 0.00158667 0.720681
14.1 0.279045 0.00149357 0.719461
14.2 0.280362 0.00140651 0.718232
14.3 0.281683 0.00132509 0.716992
14.4 0.283007 0.0012489 0.715744
14.5 0.284335 0.00117759 0.714487
14.6 0.285666 0.00111082 0.713223
14.7 0.287 0.00104828 0.711952
14.8 0.288335 0.000989684 0.710675
14.9 0.289673 0.000934757 0.709392
15 0.291013 0.000883254 0.708104
15.1 0.292353 0.000834943 0.706812
15.2 0.293696 0.000789611 0.705515
15.3 0.295039 0.000747058 0.704214
15.4 0.296382 0.000707099 0.70291
15.5 0.297727 0.000669562 0.701604
15.6 0.299071 0.000634288 0.700294
15.7 0.300416 0.000601129 0.698982
15.8 0.301761 0.000569945 0.697669
15.9 0.303106 0.000540609 0.696353
16 0.304451 0.000513001 0.695036
16.1 0.305795 0.00048701 0.693718
16.2 0.307139 0.000462532 0.692399
16.3 0.308482 0.000439471 0.691078
16.4 0.309824 0.000417737 0.689758
16.5 0.311166 0.000397246 0.688437
16.6 0.312506 0.00037792 0.687116
16.7 0.313846 0.000359686 0.685794
16.8 0.315184 0.000342476 0.684473
16.9 0.316522 0.000326228 0.683152
17 0.317858 0.000310881 0.681831
17.1 0.319192 0.00029638 0.680511
17.2 0.320526 0.000282675 0.679192
17.3 0.321857 0.000269717 0.677873
17.4 0.323188 0.00025746 0.676555
17.5 0.324516 0.000245863 0.675238
17.6 0.325843 0.000234886 0.673922
17.7 0.327169 0.000224493 0.672607
17.8 0.328492 0.00021465 0.671293
17.9 0.329814 0.000205322 0.669981
18 0.331134 0.000196482 0.668669
18.1 0.332452 0.0001881 0.667359
18.2 0.333769 0.00018015 0.666051
18.3 0.335083 0.000172608 0.664744
18.4 0.336396 0.000165449 0.663439
18.5 0.337706 0.000158652 0.662135
18.6 0.339015 0.000152197 0.660833
18.7 0.340321 0.000146064 0.659533
18.8 0.341626 0.000140235 0.658234
18.9 0.342928 0.000134694 0.656937
19 0.344228 0.000129425 0.655642
19.1 0.345526 0.000124412 0.654349
19.2 0.346823 0.000119642 0.653058
19.3 0.348116 0.000115101 0.651768
19.4 0.349408 0.000110777 0.650481
19.5 0.350698 0.000106659 0.649196
19.6 0.351985 0.000102735 0.647912
19.7 0.35327 9.89947e-05 0.646631
19.8 0.354553 9.5429e-05 0.645351
19.9 0.355834 9.20285e-05 0.644074
20 0.357113 8.87845e-05 0.642799
20.1 0.358389 8.56889e-05 0.641526
20.2 0.359663 8.27341e-05 0.640254
20.3 0.360935 7.99128e-05 0.638986
20.4 0.362204 7.72181e-05 0.637719
20.5 0.363471 7.46438e-05 0.636454
20.6 0.364736 7.21836e-05 0.635192
20.7 0.365999 6.98319e-05 0.633931
20.8 0.367259 6.75833e-05 0.632673
20.9 0.368517 6.54327e-05 0.631417
21 0.369773 6.33752e-05 0.630164
21.1 0.371026 6.14062e-05 0.628912
21.2 0.372277 5.95215e-05 0.627663
21.3 0.373526 5.7717e-05 0.626416
21.4 0.374773 5.59888e-05 0.625171
21.5 0.376017 5.43334e-05 0.623929
21.6 0.377259 5.27471e-05 0.622689
21.7 0.378498 5.12268e-05 0.621451
21.8 0.379735 4.97694e-05 0.620215
21.9 0.38097 4.83719e-05 0.618981
22 0.382203 4.70315e-05 0.61775
22.1 0.383433 4.57457e-05 0.616521
22.2 0.384661 4.4512e-05 0.615295
22.3 0.385886 4.33279e-05 0.61407
22.4 0.38711 4.21912e-05 0.612848
22.5 0.38833 4.10998e-05 0.611628
22.6 0.389549 4.00518e-05 0.610411
22.7 0.390765 3.9045e-05 0.609196
22.8 0.391979 3.80779e-05 0.607983
22.9 0.393191 3.71485e-05 0.606772
23 0.3944 3.62554e-05 0.605564
23.1 0.395607 3.53969e-05 0.604358
23.2 0.396811 3.45715e-05 0.603154
23.3 0.398014 3.37778e-05 0.601953
23.4 0.399214 3.30146e-05 0.600753
23.5 0.400411 3.22805e-05 0.599556
23.6 0.401607 3.15743e-05 0.598362
23.7 0.4028 3.08949e-05 0.59717
23.8 0.40399 3.02411e-05 0.59598
23.9 0.405179 2.9612e-05 0.594792
24 0.406365 2.90066e-05 0.593606
24.1 0.407548 2.84238e-05 0.592423
24.2 0.40873 2.78629e-05 0.591242
24.3 0.409909 2.73229e-05 0.590064
24.4 0.411086 2.6803e-05 0.588887
24.5 0.41226 2.63024e-05 0.587713
24.6 0.413432 2.58205e-05 0.586542
24.7 0.414602 2.53565e-05 0.585372
24.8 0.41577 2.49098e-05 0.584205
24.9 0.416935 2.44796e-05 0.58304
25 0.418098 2.40654e-05 0.581877
25.1 0.419259 2.36666e-05 0.580717
25.2 0.420418 2.32827e-05 0.579559
25.3 0.421574 2.29131e-05 0.578403
25.4 0.422728 2.25573e-05 0.57725
25.5 0.42388 2.22149e-05 0.576098
25.6 0.425029 2.18853e-05 0.574949
25.7 0.426176 2.15681e-05 0.573802
25.8 0.427321 2.1263e-05 0.572658
25.9 0.428464 2.09695e-05 0.571515
26 0.429604 2.06872e-05 0.570375
26.1 0.430742 2.04158e-05 0.569237
26.2 0.431878 2.0155e-05 0.568102
26.3 0.433012 1.99043e-05 0.566968
26.4 0.434143 1.96636e-05 0.565837
26.5 0.435272 1.94324e-05 0.564708
26.6 0.436399 1.92105e-05 0.563582
26.7 0.437524 1.89976e-05 0.562457
26.8 0.438646 1.87935e-05 0.561335
26.9 0.439767 1.8598e-05 0.560215
27 0.440885 1.84107e-05 0.559097
27.1 0.442 1.82315e-05 0.557981
27.2 0.443114 1.80601e-05 0.556868
27.3 0.444225 1.78964e-05 0.555757
27.4 0.445334 1.77401e-05 0.554648
27.5 0.446441 1.75911e-05 0.553541
27.6 0.447546 1.74492e-05 0.552436
27.7 0.448649 1.73142e-05 0.551334
27.8 0.449749 1.71859e-05 0.550234
27.9 0.450847 1.70644e-05 0.549136
28 0.451943 1.69492e-05 0.54804
28.1 0.453037 1.68405e-05 0.546946
28.2 0.454129 1.67379e-05 0.545854
28.3 0.455218 1.66415e-05 0.544765
28.4 0.456306 1.65511e-05 0.543678
28.5 0.457391 1.64665e-05 0.542593
28.6 0.458474 1.63878e-05 0.54151
28.7 0.459554 1.63147e-05 0.540429
28.8 0.460633 1.62473e-05 0.539351
28.9 0.46171 1.61854e-05 0.538274
29 0.462784 1.61289e-05 0.5372
29.1 0.463856 1.60779e-05 0.536128
29.2 0.464926 1.60322e-05 0.535058
29.3 0.465994 1.59917e-05 0.53399
29.4 0.46706 1.59565e-05 0.532924
29.5 0.468123 1.59265e-05 0.531861
29.6 0.469185 1.59016e-05 0.530799
29.7 0.470244 1.58818e-05 0.52974
29.8 0.471302 1.58671e-05 0.528682
29.9 0.472357 1.58574e-05 0.527627
30 0.47341 1.58528e-05 0.526574
30.1 0.474461 1.58531e-05 0.525523
30.2 0.47551 1.58585e-05 0.524475
30.3 0.476556 1.58689e-05 0.523428
30.4 0.477601 1.58842e-05 0.522383
30.5 0.478643 1.59045e-05 0.521341
30.6 0.479684 1.59299e-05 0.5203
30.7 0.480722 1.59602e-05 0.519262
30.8 0.481758 1.59956e-05 0.518226
30.9 0.482793 1.6036e-05 0.517191
31 0.483825 1.60815e-05 0.516159
31.1 0.484855 1.61321e-05 0.515129
31.2 0.485883 1.61879e-05 0.514101
31.3 0.486909 1.62488e-05 0.513075
31.4 0.487932 1.6315e-05 0.512051
31.5 0.488954 1.63865e-05 0.511029
31.6 0.489974 1.64633e-05 0.51001
31.7 0.490991 1.65455e-05 0.508992
31.8 0.492007 1.66331e-05 0.507976
31.9 0.493021 1.67263e-05 0.506963
32 0.494032 1.68251e-05 0.505951
32.1 0.495041 1.69296e-05 0.504942
32.2 0.496049 1.70398e-05 0.503934
32.3 0.497054 1.71559e-05 0.502929
32.4 0.498058 1.7278e-05 0.501925
32.5 0.499059 1.74062e-05 0.500924
32.6 0.500058 1.75405e-05 0.499924
32.7 0.501055 1.76811e-05 0.498927
32.8 0.502051 1.78282e-05 0.497932
32.9 0.503044 1.79818e-05 0.496938
33 0.504035 1.8142e-05 0.495947
33.1 0.505024 1.83091e-05 0.494957
33.2 0.506011 1.84832e-05 0.49397
33.3 0.506997 1.86644e-05 0.492985
33.4 0.50798 1.88529e-05 0.492001
33.5 0.508961 1.90489e-05 0.49102
33.6 0.50994 1.92525e-05 0.490041
33.7 0.510917 1.94639e-05 0.489063
33.8 0.511892 1.96833e-05 0.488088
33.9 0.512866 1.9911e-05 0.487114
34 0.513837 2.01472e-05 0.486143
34.1 0.514806 2.0392e-05 0.485174
34.2 0.515773 2.06457e-05 0.484206
34.3 0.516739 2.09086e-05 0.483241
34.4 0.517702 2.11808e-05 0.482277
34.5 0.518663 2.14628e-05 0.481315
34.6 0.519622 2.17546e-05 0.480356
34.7 0.52058 2.20567e-05 0.479398
34.8 0.521535 2.23694e-05 0.478442
34.9 0.522489 2.26928e-05 0.477489
35 0.52344 2.30275e-05 0.476537
35.1 0.52439 2.33736e-05 0.475587
35.2 0.525337 2.37316e-05 0.474639
35.3 0.526283 2.41019e-05 0.473693
35.4 0.527226 2.44847e-05 0.472749
35.5 0.528168 2.48806e-05 0.471807
35.6 0.529108 2.52899e-05 0.470867
35.7 0.530046 2.57131e-05 0.469929
35.8 0.530981 2.61505e-05 0.468992
35.9 0.531915 2.66028e-05 0.468058
36 0.532847 2.70703e-05 0.467126
36.1 0.533777 2.75536e-05 0.466195
36.2 0.534705 2.80533e-05 0.465267
36.3 0.535631 2.85698e-05 0.46434
36.4 0.536555 2.91037e-05 0.463415
36.5 0.537478 2.96557e-05 0.462493
36.6 0.538398 3.02264e-05 0.461572
36.7 0.539316 3.08164e-05 0.460653
36.8 0.540233 3.14264e-05 0.459736
36.9 0.541147 3.20571e-05 0.458821
37 0.54206 3.27093e-05 0.457908
37.1 0.54297 3.33837e-05 0.456997
37.2 0.543879 3.40811e-05 0.456087
37.3 0.544785 3.48024e-05 0.45518
37.4 0.54569 3.55484e-05 0.454274
37.5 0.546593 3.63201e-05 0.453371
37.6 0.547494 3.71183e-05 0.452469
37.7 0.548393 3.79441e-05 0.451569
37.8 0.54929 3.87985e-05 0.450671
37.9 0.550185 3.96826e-05 0.449776
38 0.551078 4.05975e-05 0.448882
38.1 0.551969 4.15444e-05 0.44799
38.2 0.552858 4.25245e-05 0.447099
38.3 0.553745 4.3539e-05 0.446211
38.4 0.554631 4.45893e-05 0.445325
38.5 0.555514 4.56768e-05 0.44444
38.6 0.556395 4.68029e-05 0.443558
38.7 0.557275 4.79692e-05 0.442677
38.8 0.558152 4.91772e-05 0.441799
38.9 0.559028 5.04285e-05 0.440922
39 0.559901 5.17249e-05 0.440047
39.1 0.560773 5.30683e-05 0.439174
39.2 0.561642 5.44603e-05 0.438303
39.3 0.56251 5.59031e-05 0.437434
39.4 0.563375 5.73987e-05 0.436567
39.5 0.564239 5.89492e-05 0.435702
39.6 0.5651 6.05568e-05 0.434839
39.7 0.56596 6.2224e-05 0.433978
39.8 0.566817 6.3953e-05 0.433119
39.9 0.567673 6.57466e-05 0.432261
40 0.568526 6.76074e-05 0.431406
40.1 0.569378 6.95381e-05 0.430553
40.2 0.570227 7.15417e-05 0.429701
40.3 0.571074 7.36213e-05 0.428852
40.4 0.57192 7.578e-05 0.428005
40.5 0.572763 7.80213e-05 0.427159
40.6 0.573604 8.03486e-05 0.426316
40.7 0.574443 8.27656e-05 0.425474
40.8 0.57528 8.52761e-05 0.424635
40.9 0.576114 8.78842e-05 0.423798
41 0.576947 9.0594e-05 0.422962
41.1 0.577777 9.341e-05 0.422129
41.2 0.578606 9.63369e-05 0.421298
41.3 0.579432 9.93794e-05 0.420469
41.4 0.580256 0.000102543 0.419642
41.5 0.581077 0.000105832 0.418817
41.6 0.581897 0.000109253 0.417994
41.7 0.582714 0.000112811 0.417173
41.8 0.583529 0.000116513 0.416355
41.9 0.584341 0.000120364 0.415538
42 0.585151 0.000124373 0.414724
42.1 0.585959 0.000128545 0.413912
42.2 0.586765 0.000132888 0.413102
42.3 0.587568 0.00013741 0.412295
42.4 0.588368 0.000142119 0.411489
42.5 0.589167 0.000147024 0.410686
42.6 0.589962 0.000152133 0.409886
42.7 0.590755 0.000157456 0.409087
42.8 0.591546 0.000163003 0.408291
42.9 0.592334 0.000168783 0.407497
43 0.593119 0.000174809 0.406706
43.1 0.593902 0.000181091 0.405917
43.2 0.594682 0.000187641 0.40513
43.3 0.595459 0.000194472 0.404346
43.4 0.596233 0.000201597 0.403565
43.5 0.597005 0.00020903 0.402786
43.6 0.597773 0.000216785 0.40201
43.7 0.598539 0.000224878 0.401236
43.8 0.599302 0.000233325 0.400465
43.9 0.600061 0.000242143 0.399697
44 0.600817 0.000251348 0.398931
44.1 0.60157 0.000260961 0.398169
44.2 0.60232 0.000271001 0.397409
44.3 0.603067 0.000281487 0.396652
44.4 0.603809 0.000292443 0.395898
44.5 0.604549 0.00030389 0.395147
44.6 0.605285 0.000315852 0.394399
44.7 0.606017 0.000328356 0.393655
44.8 0.606745 0.000341426 0.392914
44.9 0.607469 0.000355091 0.392176
45 0.60819 0.00036938 0.391441
45.1 0.608906 0.000384324 0.39071
45.2 0.609618 0.000399955 0.389982
45.3 0.610326 0.000416307 0.389258
45.4 0.611029 0.000433417 0.388538
45.5 0.611727 0.000451321 0.387822
45.6 0.612421 0.000470059 0.387109
45.7 0.61311 0.000489672 0.386401
45.8 0.613793 0.000510206 0.385696
45.9 0.614472 0.000531705 0.384996
46 0.615145 0.000554218 0.384301
46.1 0.615812 0.000577796 0.38361
46.2 0.616474 0.000602493 0.382924
46.3 0.61713 0.000628366 0.382242
46.4 0.617779 0.000655473 0.381566
46.5 0.618422 0.000683877 0.380894
46.6 0.619058 0.000713644 0.380228
46.7 0.619688 0.000744842 0.379568
46.8 0.62031 0.000777546 0.378913
46.9 0.620924 0.00081183 0.378264
47 0.621531 0.000847776 0.377621
47.1 0.62213 0.000885467 0.376984
47.2 0.622721 0.000924994 0.376354
47.3 0.623302 0.000966448 0.375731
47.4 0.623875 0.00100993 0.375115
47.5 0.624438 0.00105554 0.374506
47.6 0.624992 0.00110339 0.373905
47.7 0.625535 0.00115359 0.373312
47.8 0.626067 0.00120626 0.372726
47.9 0.626589 0.00126154 0.37215
48 0.627098 0.00131954 0.371582
48.1 0.627596 0.00138041 0.371024
48.2 0.628081 0.00144429 0.370475
48.3 0.628552 0.00151134 0.369936
48.4 0.62901 0.00158172 0.369408
48.5 0.629454 0.00165559 0.368891
48.6 0.629882 0.00173313 0.368385
48.7 0.630295 0.00181453 0.36789
48.8 0.630691 0.00189997 0.367409
48.9 0.631071 0.00198966 0.36694
49 0.631432 0.00208381 0.366484
49.1 0.631774 0.00218265 0.366043
49.2 0.632097 0.0022864 0.365617
49.3 0.632399 0.00239529 0.365206
49.4 0.63268 0.0025096 0.364811
49.5 0.632938 0.00262957 0.364432
49.6 0.633173 0.00275547 0.364072
49.7 0.633383 0.0028876 0.363729
49.8 0.633568 0.00302625 0.363406
49.9 0.633725 0.00317172 0.363103
50 0.633855 0.00332434 0.362821
50.1 0.633955 0.00348443 0.36256
50.2 0.634025 0.00365233 0.362323
50.3 0.634062 0.0038284 0.36211
50.4 0.634065 0.004013 0.361922
50.5 0.634034 0.00420651 0.36176
50.6 0.633966 0.0044093 0.361625
50.7 0.633859 0.00462179 0.361519
50.8 0.633713 0.00484436 0.361443
50.9 0.633524 0.00507744 0.361398
51 0.633292 0.00532145 0.361386
51.1 0.633015 0.00557681 0.361409
51.2 0.632689 0.00584397 0.361467
51.3 0.632315 0.00612335 0.361562
51.4 0.631889 0.0064154 0.361696
51.5 0.631409 0.00672056 0.361871
51.6 0.630873 0.00703926 0.362088
51.7 0.630279 0.00737195 0.362349
51.8 0.629624 0.00771905 0.362656
51.9 0.628907 0.00808098 0.363012
52 0.628125 0.00845813 0.363417
52.1 0.627275 0.00885091 0.363874
52.2 0.626354 0.00925966 0.364386
52.3 0.625362 0.00968474 0.364953
52.4 0.624294 0.0101264 0.365579
52.5 0.623149 0.0105851 0.366266
52.6 0.621924 0.0110608 0.367015
52.7 0.620616 0.0115539 0.36783
52.8 0.619224 0.0120644 0.368712
52.9 0.617744 0.0125924 0.369663
53 0.616175 0.0131379 0.370687
53.1 0.614514 0.0137009 0.371785
53.2 0.612759 0.0142812 0.372959
53.3 0.610909 0.0148786 0.374213
53.4 0.60896 0.0154926 0.375547
53.5 0.606912 0.016123 0.376965
53.6 0.604762 0.0167691 0.378469
53.7 0.60251 0.0174303 0.380059
53.8 0.600155 0.0181058 0.381739
53.9 0.597695 0.0187946 0.383511
54 0.595129 0.0194958 0.385375
54.1 0.592458 0.0202082 0.387334
54.2 0.589681 0.0209304 0.389388
54.3 0.586799 0.0216609 0.39154
54.4 0.583813 0.0223983 0.393789
54.5 0.580722 0.0231406 0.396137
54.6 0.577529 0.0238862 0.398585
54.7 0.574236 0.0246328 0.401132
54.8 0.570844 0.0253785 0.403778
54.9 0.567356 0.0261209 0.406523
55 0.563775 0.0268576 0.409367
55.1 0.560105 0.0275864 0.412309
55.2 0.55635 0.0283045 0.415346
55.3 0.552513 0.0290094 0.418478
55.4 0.548599 0.0296985 0.421702
55.5 0.544614 0.0303691 0.425017
55.6 0.540563 0.0310185 0.428418
55.7 0.536452 0.0316441 0.431904
55.8 0.532286 0.0322433 0.43547
55.9 0.528073 0.0328135 0.439114
56 0.523818 0.0333524 0.442829
56.1 0.51953 0.0338575 0.446613
56.2 0.515214 0.0343268 0.45046
56.3 0.510877 0.0347581 0.454365
56.4 0.506529 0.0351495 0.458322
56.5 0.502174 0.0354996 0.462326
56.6 0.497822 0.0358067 0.466372
56.7 0.493478 0.0360698 0.470452
56.8 0.489152 0.0362878 0.474561
56.9 0.484848 0.03646 0.478692
57 0.480575 0.0365859 0.482839
57.1 0.476339 0.0366654 0.486995
57.2 0.472147 0.0366985 0.491154
57.3 0.468005 0.0366854 0.49531
57.4 0.463918 0.0366268 0.499455
57.5 0.459893 0.0365233 0.503584
57.6 0.455934 0.0363761 0.50769
57.7 0.452046 0.0361862 0.511767
57.8 0.448235 0.0359551 0.51581
57.9 0.444504 0.0356844 0.519812
58 0.440856 0.0353757 0.523768
58.1 0.437296 0.0350311 0.527673
58.2 0.433825 0.0346523 0.531522
58.3 0.430448 0.0342416 0.53531
58.4 0.427165 0.0338011 0.539034
58.5 0.423979 0.0333329 0.542688
58.6 0.420892 0.0328394 0.546269
58.7 0.417903 0.0323227 0.549774
58.8 0.415015 0.0317853 0.5532
58.9 0.412228 0.0312292 0.556543
59 0.409541 0.0306567 0.559802
59.1 0.406956 0.03007 0.562974
59.2 0.40447 0.0294712 0.566058
59.3 0.402085 0.0288623 0.569052
59.4 0.3998 0.0282454 0.571955
59.5 0.397612 0.0276223 0.574765
59.6 0.395522 0.0269949 0.577483
59.7 0.393528 0.0263647 0.580107
59.8 0.391628 0.0257335 0.582638
59.9 0.389822 0.0251027 0.585075
60 0.388107 0.0244738 0.58742
60.1 0.386481 0.0238481 0.589671
60.2 0.384943 0.0232267 0.591831
60.3 0.383491 0.0226108 0.593899
60.4 0.382122 0.0220014 0.595876
60.5 0.380836 0.0213993 0.597765
60.6 0.379629 0.0208055 0.599565
60.7 0.378501 0.0202206 0.601279
60.8 0.377448 0.0196454 0.602907
60.9 0.376468 0.0190803 0.604452
61 0.37556 0.0185258 0.605914
61.1 0.374722 0.0179824 0.607296
61.2 0.373951 0.0174504 0.608599
61.3 0.373245 0.0169301 0.609825
61.4 0.372603 0.0164218 0.610975
61.5 0.372022 0.0159255 0.612052
61.6 0.371501 0.0154415 0.613058
61.7 0.371037 0.0149698 0.613993
61.8 0.370628 0.0145104 0.614861
61.9 0.370274 0.0140633 0.615663
62 0.369971 0.0136285 0.6164
62.1 0.369718 0.0132059 0.617076
62.2 0.369514 0.0127954 0.61769
62.3 0.369357 0.0123969 0.618246
62.4 0.369244 0.0120102 0.618745
62.5 0.369176 0.0116351 0.619189
62.6 0.369149 0.0112716 0.61958
62.7 0.369162 0.0109193 0.619919
62.8 0.369214 0.010578 0.620208
62.9 0.369304 0.0102476 0.620448
63 0.36943 0.00992779 0.620642
63.1 0.369591 0.00961833 0.62079
63.2 0.369786 0.00931898 0.620895
63.3 0.370012 0.0090295 0.620958
63.4 0.37027 0.00874962 0.62098
63.5 0.370557 0.00847909 0.620963
63.6 0.370874 0.00821765 0.620909
63.7 0.371218 0.00796506 0.620817
63.8 0.371588 0.00772105 0.620691
63.9 0.371984 0.00748538 0.62053
64 0.372405 0.00725779 0.620337
64.1 0.372849 0.00703803 0.620113
64.2 0.373316 0.00682587 0.619858
64.3 0.373805 0.00662106 0.619574
64.4 0.374315 0.00642336 0.619261
64.5 0.374845 0.00623256 0.618922
64.6 0.375395 0.00604841 0.618557
64.7 0.375963 0.00587069 0.618167
64.8 0.376549 0.0056992 0.617752
64.9 0.377152 0.00553373 0.617314
65 0.377771 0.00537405 0.616855
65.1 0.378407 0.00521999 0.616373
65.2 0.379057 0.00507133 0.615871
65.3 0.379723 0.0049279 0.61535
65.4 0.380402 0.00478951 0.614809
65.5 0.381094 0.00465598 0.61425
65.6 0.3818 0.00452714 0.613673
65.7 0.382518 0.00440283 0.613079
65.8 0.383247 0.00428287 0.61247
65.9 0.383989 0.00416712 0.611844
66 0.384741 0.00405543 0.611204
66.1 0.385503 0.00394765 0.610549
66.2 0.386275 0.00384363 0.609881
66.3 0.387057 0.00374324 0.609199
66.4 0.387849 0.00364636 0.608505
66.5 0.388649 0.00355285 0.607798
66.6 0.389457 0.00346258 0.60708
66.7 0.390274 0.00337546 0.606351
66.8 0.391098 0.00329135 0.605611
66.9 0.39193 0.00321015 0.60486
67 0.392768 0.00313175 0.6041
67.1 0.393614 0.00305606 0.60333
67.2 0.394466 0.00298297 0.602551
67.3 0.395324 0.00291239 0.601764
67.4 0.396188 0.00284423 0.600968
67.5 0.397057 0.00277841 0.600164
67.6 0.397932 0.00271483 0.599353
67.7 0.398812 0.00265342 0.598534
67.8 0.399697 0.0025941 0.597709
67.9 0.400587 0.00253679 0.596877
68 0.401481 0.00248143 0.596038
68.1 0.402379 0.00242794 0.595193
68.2 0.403281 0.00237626 0.594343
68.3 0.404187 0.00232632 0.593487
68.4 0.405096 0.00227806 0.592626
68.5 0.406009 0.00223143 0.591759
68.6 0.406926 0.00218636 0.590888
68.7 0.407845 0.0021428 0.590012
68.8 0.408767 0.0021007 0.589132
68.9 0.409692 0.00206001 0.588248
69 0.410619 0.00202068 0.58736
69.1 0.411549 0.00198266 0.586468
69.2 0.412481 0.00194592 0.585573
69.3 0.413415 0.00191039 0.584674
69.4 0.414352 0.00187605 0.583772
69.5 0.41529 0.00184286 0.582867
69.6 0.41623 0.00181077 0.58196
69.7 0.417171 0.00177975 0.581049
69.8 0.418114 0.00174976 0.580136
69.9 0.419058 0.00172077 0.579221
70 0.420004 0.00169275 0.578303
70.1 0.42095 0.00166567 0.577384
70.2 0.421898 0.0016395 0.576462
70.3 0.422847 0.0016142 0.575539
70.4 0.423796 0.00158975 0.574614
70.5 0.424747 0.00156612 0.573687
70.6 0.425698 0.0015433 0.572759
70.7 0.426649 0.00152124 0.57183
70.8 0.427601 0.00149994 0.570899
70.9 0.428554 0.00147936 0.569967
71 0.429506 0.00145948 0.569034
71.1 0.430459 0.00144029 0.568101
71.2 0.431412 0.00142177 0.567166
71.3 0.432365 0.00140389 0.566231
71.4 0.433319 0.00138663 0.565295
71.5 0.434272 0.00136999 0.564358
71.6 0.435225 0.00135393 0.563421
71.7 0.436177 0.00133846 0.562484
71.8 0.43713 0.00132354 0.561547
71.9 0.438082 0.00130916 0.560609
72 0.439034 0.00129532 0.559671
72.1 0.439985 0.00128199 0.558733
72.2 0.440936 0.00126916 0.557795
72.3 0.441886 0.00125683 0.556857
72.4 0.442836 0.00124497 0.555919
72.5 0.443785 0.00123358 0.554982
72.6 0.444733 0.00122264 0.554044
72.7 0.44568 0.00121215 0.553107
72.8 0.446627 0.0012021 0.552171
72.9 0.447573 0.00119247 0.551235
73 0.448517 0.00118325 0.550299
73.1 0.449461 0.00117444 0.549364
73.2 0.450404 0.00116603 0.54843
73.3 0.451346 0.00115801 0.547496
73.4 0.452286 0.00115037 0.546564
73.5 0.453225 0.00114311 0.545632
73.6 0.454164 0.00113621 0.5447
73.7 0.4551 0.00112968 0.54377
73.8 0.456036 0.0011235 0.542841
73.9 0.45697 0.00111767 0.541912
74 0.457903 0.00111218 0.540985
74.1 0.458834 0.00110703 0.540059
74.2 0.459764 0.00110222 0.539133
74.3 0.460693 0.00109773 0.538209
74.4 0.46162 0.00109357 0.537287
74.5 0.462545 0.00108973 0.536365
74.6 0.463469 0.0010862 0.535445
74.7 0.464391 0.00108298 0.534526
74.8 0.465311 0.00108008 0.533609
74.9 0.46623 0.00107748 0.532693
75 0.467147 0.00107518 0.531778
75.1 0.468062 0.00107319 0.530865
75.2 0.468975 0.00107149 0.529954
75.3 0.469886 0.00107009 0.529044
75.4 0.470795 0.00106898 0.528136
75.5 0.471703 0.00106817 0.527229
75.6 0.472608 0.00106765 0.526324
75.7 0.473512 0.00106741 0.525421
75.8 0.474413 0.00106747 0.524519
75.9 0.475312 0.00106782 0.52362
76 0.476209 0.00106845 0.522722
76.1 0.477104 0.00106937 0.521826
76.2 0.477997 0.00107058 0.520932
76.3 0.478888 0.00107208 0.52004
76.4 0.479776 0.00107387 0.51915
76.5 0.480662 0.00107594 0.518262
76.6 0.481545 0.00107831 0.517377
76.7 0.482426 0.00108096 0.516493
76.8 0.483305 0.00108391 0.515611
76.9 0.484181 0.00108716 0.514732
77 0.485055 0.00109069 0.513854
77.1 0.485926 0.00109453 0.512979
77.2 0.486795 0.00109866 0.512107
77.3 0.487661 0.0011031 0.511236
77.4 0.488524 0.00110784 0.510368
77.5 0.489385 0.00111289 0.509503
77.6 0.490242 0.00111825 0.508639
77.7 0.491097 0.00112392 0.507779
77.8 0.49195 0.00112991 0.50692
77.9 0.492799 0.00113622 0.506065
78 0.493645 0.00114286 0.505212
78.1 0.494489 0.00114982 0.504361
78.2 0.495329 0.00115712 0.503514
78.3 0.496167 0.00116476 0.502668
78.4 0.497001 0.00117273 0.501826
78.5 0.497832 0.00118106 0.500987
78.6 0.49866 0.00118974 0.50015
78.7 0.499485 0.00119878 0.499316
78.8 0.500306 0.00120819 0.498486
78.9 0.501124 0.00121796 0.497658
79 0.501939 0.00122812 0.496833
79.1 0.50275 0.00123866 0.496011
79.2 0.503558 0.00124959 0.495193
79.3 0.504362 0.00126092 0.494377
79.4 0.505162 0.00127265 0.493565
79.5 0.505959 0.00128481 0.492756
79.6 0.506752 0.00129738 0.49195
79.7 0.507542 0.00131039 0.491148
79.8 0.508327 0.00132384 0.490349
79.9 0.509108 0.00133774 0.489554
80 0.509886 0.00135209 0.488762
80.1 0.510659 0.00136692 0.487974
80.2 0.511429 0.00138223 0.487189
80.3 0.512194 0.00139802 0.486408
80.4 0.512954 0.00141432 0.485631
80.5 0.513711 0.00143113 0.484858
80.6 0.514463 0.00144847 0.484089
80.7 0.51521 0.00146634 0.483323
80.8 0.515953 0.00148476 0.482562
80.9 0.516692 0.00150375 0.481805
81 0.517425 0.00152331 0.481052
81.1 0.518154 0.00154346 0.480303
81.2 0.518878 0.00156421 0.479558
81.3 0.519596 0.00158558 0.478818
81.4 0.52031 0.00160759 0.478082
81.5 0.521018 0.00163024 0.477351
81.6 0.521722 0.00165356 0.476625
81.7 0.522419 0.00167757 0.475903
81.8 0.523112 0.00170227 0.475186
81.9 0.523798 0.00172769 0.474474
82 0.524479 0.00175385 0.473767
82.1 0.525154 0.00178076 0.473065
82.2 0.525823 0.00180844 0.472368
82.3 0.526486 0.00183692 0.471677
82.4 0.527143 0.00186621 0.47099
82.5 0.527794 0.00189634 0.47031
82.6 0.528438 0.00192732 0.469635
82.7 0.529076 0.00195918 0.468965
82.8 0.529706 0.00199195 0.468302
82.9 0.530331 0.00202563 0.467644
83 0.530948 0.00206027 0.466992
83.1 0.531558 0.00209588 0.466347
83.2 0.53216 0.00213249 0.465707
83.3 0.532755 0.00217012 0.465074
83.4 0.533343 0.00220881 0.464448
83.5 0.533923 0.00224858 0.463828
83.6 0.534495 0.00228945 0.463216
83.7 0.535059 0.00233146 0.46261
83.8 0.535615 0.00237463 0.462011
83.9 0.536162 0.002419 0.461419
84 0.5367 0.00246459 0.460835
84.1 0.53723 0.00251144 0.460258
84.2 0.537751 0.00255959 0.45969
84.3 0.538262 0.00260905 0.459129
84.4 0.538765 0.00265987 0.458576
84.5 0.539257 0.00271208 0.458031
84.6 0.53974 0.00276572 0.457494
84.7 0.540213 0.00282082 0.456967
84.8 0.540675 0.00287741 0.456448
84.9 0.541127 0.00293555 0.455938
85 0.541568 0.00299525 0.455437
85.1 0.541998 0.00305656 0.454945
85.2 0.542417 0.00311953 0.454463
85.3 0.542825 0.00318418 0.453991
85.4 0.543221 0.00325056 0.453529
85.5 0.543605 0.00331871 0.453077
85.6 0.543976 0.00338868 0.452635
85.7 0.544335 0.00346049 0.452204
85.8 0.544681 0.0035342 0.451784
85.9 0.545014 0.00360985 0.451376
86 0.545334 0.00368748 0.450978
86.1 0.54564 0.00376713 0.450593
86.2 0.545932 0.00384884 0.450219
86.3 0.54621 0.00393267 0.449857
86.4 0.546473 0.00401865 0.449508
86.5 0.546722 0.00410683 0.449172
86.6 0.546954 0.00419725 0.448848
86.7 0.547172 0.00428995 0.448538
86.8 0.547373 0.00438498 0.448242
86.9 0.547559 0.00448238 0.447959
87 0.547727 0.00458219 0.447691
87.1 0.547879 0.00468445 0.447437
87.2 0.548013 0.00478922 0.447198
87.3 0.54813 0.00489651 0.446974
87.4 0.548228 0.00500639 0.446765
87.5 0.548308 0.00511887 0.446573
87.6 0.54837 0.00523401 0.446396
87.7 0.548412 0.00535183 0.446236
87.8 0.548435 0.00547237 0.446093
87.9 0.548437 0.00559567 0.445967
88 0.54842 0.00572174 0.445858
88.1 0.548382 0.00585063 0.445768
88.2 0.548322 0.00598235 0.445695
88.3 0.548242 0.00611694 0.445641
88.4 0.548139 0.0062544 0.445607
88.5 0.548014 0.00639476 0.445591
88.6 0.547867 0.00653803 0.445595
88.7 0.547697 0.00668422 0.445619
88.8 0.547503 0.00683334 0.445664
88.9 0.547286 0.00698539 0.445729
89 0.547044 0.00714036 0.445816
89.1 0.546778 0.00729826 0.445924
89.2 0.546487 0.00745906 0.446054
89.3 0.546172 0.00762276 0.446206
89.4 0.54583 0.00778933 0.44638
89.5 0.545463 0.00795874 0.446578
89.6 0.54507 0.00813096 0.446799
89.7 0.54465 0.00830595 0.447044
89.8 0.544204 0.00848365 0.447313
89.9 0.54373 0.00866402 0.447606
90 0.543229 0.008847 0.447924
90.1 0.542701 0.00903251 0.448266
90.2 0.542145 0.00922048 0.448634
90.3 0.541561 0.00941082 0.449028
90.4 0.540949 0.00960345 0.449447
90.5 0.540309 0.00979825 0.449893
90.6 0.53964 0.00999513 0.450365
90.7 0.538943 0.0101939 0.450864
90.8 0.538216 0.0103946 0.451389
90.9 0.537462 0.0105969 0.451941
91 0.536678 0.0108008 0.452521
91.1 0.535866 0.011006 0.453128
91.2 0.535025 0.0112125 0.453763
91.3 0.534155 0.01142 0.454425
91.4 0.533257 0.0116284 0.455115
91.5 0.53233 0.0118374 0.455833
91.6 0.531375 0.012047 0.456578
91.7 0.530392 0.0122567 0.457352
91.8 0.529381 0.0124665 0.458153
91.9 0.528342 0.0126761 0.458982
92 0.527276 0.0128853 0.459839
92.1 0.526183 0.0130939 0.460723
92.2 0.525064 0.0133015 0.461635
92.3 0.523919 0.0135079 0.462574
92.4 0.522748 0.0137129 0.463539
92.5 0.521552 0.0139162 0.464532
92.6 0.520331 0.0141175 0.465551
92.7 0.519087 0.0143165 0.466597
92.8 0.517819 0.014513 0.467668
92.9 0.516529 0.0147067 0.468764
93 0.515217 0.0148973 0.469886
93.1 0.513884 0.0150845 0.471032
93.2 0.512531 0.015268 0.472201
93.3 0.511158 0.0154475 0.473394
93.4 0.509767 0.0156228 0.47461
93.5 0.508358 0.0157936 0.475848
93.6 0.506933 0.0159595 0.477108
93.7 0.505492 0.0161204 0.478388
93.8 0.504036 0.0162759 0.479688
93.9 0.502567 0.0164258 0.481007
94 0.501085 0.0165699 0.482345
94.1 0.499592 0.0167078 0.4837
94.2 0.498089 0.0168394 0.485072
94.3 0.496577 0.0169645 0.486459
94.4 0.495056 0.0170828 0.487861
94.5 0.493529 0.0171941 0.489277
94.6 0.491996 0.0172983 0.490706
94.7 0.490459 0.0173952 0.492146
94.8 0.488919 0.0174845 0.493597
94.9 0.487376 0.0175663 0.495058
95 0.485833 0.0176403 0.496527
95.1 0.48429 0.0177064 0.498003
95.2 0.482749 0.0177646 0.499486
95.3 0.481211 0.0178148 0.500974
95.4 0.479677 0.0178569 0.502466
95.5 0.478148 0.0178909 0.503961
95.6 0.476625 0.0179167 0.505458
95.7 0.47511 0.0179344 0.506956
95.8 0.473603 0.017944 0.508453
95.9 0.472107 0.0179454 0.509948
96 0.470621 0.0179388 0.51144
96.1 0.469147 0.0179242 0.512929
96.2 0.467686 0.0179017 0.514412
96.3 0.466239 0.0178714 0.51589
96.4 0.464807 0.0178334 0.51736
96.5 0.46339 0.0177877 0.518822
96.6 0.461991 0.0177347 0.520275
96.7 0.460609 0.0176743 0.521717
96.8 0.459245 0.0176069 0.523148
96.9 0.457901 0.0175324 0.524567
97 0.456577 0.0174513 0.525972
97.1 0.455273 0.0173636 0.527363
97.2 0.453991 0.0172695 0.528739
97.3 0.452731 0.0171693 0.5301
97.4 0.451494 0.0170632 0.531443
97.5 0.45028 0.0169514 0.532769
97.6 0.449089 0.0168341 0.534077
97.7 0.447923 0.0167117 0.535365
97.8 0.446781 0.0165843 0.536634
97.9 0.445665 0.0164522 0.537883
98 0.444574 0.0163156 0.53911
98.1 0.443509 0.0161749 0.540316
98.2 0.44247 0.0160301 0.5415
98.3 0.441457 0.0158817 0.542661
98.4 0.440471 0.0157298 0.543799
98.5 0.439511 0.0155748 0.544914
98.6 0.438579 0.0154167 0.546005
98.7 0.437673 0.015256 0.547071
98.8 0.436795 0.0150928 0.548113
98.9 0.435943 0.0149273 0.549129
99 0.435119 0.0147599 0.550121
99.1 0.434322 0.0145907 0.551087
99.2 0.433552 0.0144199 0.552028
99.3 0.43281 0.0142478 0.552942
99.4 0.432094 0.0140746 0.553831
99.5 0.431405 0.0139005 0.554694
99.6 0.430744 0.0137256 0.555531
99.7 0.430108 0.0135503 0.556341
99.8 0.4295 0.0133746 0.557126
99.9 0.428918 0.0131987 0.557884
100 0.428361 0.0130228 0.558616
100.1 0.427831 0.0128471 0.559322
100.2 0.427327 0.0126717 0.560002
100.3 0.426847 0.0124968 0.560656
100.4 0.426393 0.0123226 0.561284
100.5 0.425964 0.012149 0.561887
100.6 0.42556 0.0119764 0.562464
100.7 0.42518 0.0118047 0.563015
100.8 0.424824 0.0116342 0.563542
100.9 0.424491 0.0114649 0.564044
101 0.424182 0.0112969 0.564521
101.1 0.423896 0.0111303 0.564973
101.2 0.423633 0.0109653 0.565402
101.3 0.423392 0.0108018 0.565806
101.4 0.423173 0.0106399 0.566187
101.5 0.422976 0.0104798 0.566544
101.6 0.422801 0.0103215 0.566878
101.7 0.422646 0.010165 0.567189
101.8 0.422512 0.0100105 0.567478
101.9 0.422398 0.00985784 0.567744
102 0.422304 0.0097072 0.567989
102.1 0.422229 0.0095586 0.568212
102.2 0.422174 0.00941205 0.568414
102.3 0.422138 0.0092676 0.568595
102.4 0.42212 0.00912526 0.568755
102.5 0.42212 0.00898506 0.568895
102.6 0.422138 0.00884701 0.569015
102.7 0.422173 0.00871113 0.569116
102.8 0.422226 0.00857743 0.569197
102.9 0.422295 0.00844592 0.569259
103 0.42238 0.0083166 0.569303
103.1 0.422481 0.00818947 0.569329
103.2 0.422599 0.00806454 0.569337
103.3 0.422731 0.00794179 0.569327
103.4 0.422878 0.00782123 0.5693
103.5 0.42304 0.00770285 0.569257
103.6 0.423217 0.00758663 0.569197
103.7 0.423407 0.00747256 0.56912
103.8 0.423611 0.00736064 0.569028
103.9 0.423828 0.00725084 0.568921
104 0.424059 0.00714315 0.568798
104.1 0.424302 0.00703756 0.568661
104.2 0.424557 0.00693404 0.568508
104.3 0.424825 0.00683258 0.568342
104.4 0.425105 0.00673315 0.568162
104.5 0.425396 0.00663573 0.567968
104.6 0.425698 0.0065403 0.567761
104.7 0.426012 0.00644683 0.567542
104.8 0.426336 0.00635531 0.567309
104.9 0.42667 0.00626571 0.567064
105 0.427015 0.00617799 0.566807
105.1 0.427369 0.00609215 0.566539
105.2 0.427733 0.00600814 0.566258
105.3 0.428107 0.00592595 0.565967
105.4 0.42849 0.00584555 0.565665
105.5 0.428881 0.00576691 0.565352
105.6 0.429282 0.00569 0.565028
105.7 0.42969 0.0056148 0.564695
105.8 0.430107 0.00554129 0.564352
105.9 0.430532 0.00546943 0.563999
106 0.430964 0.0053992 0.563636
106.1 0.431404 0.00533057 0.563265
106.2 0.431852 0.00526352 0.562885
106.3 0.432306 0.00519802 0.562496
106.4 0.432767 0.00513404 0.562099
106.5 0.433235 0.00507156 0.561693
106.6 0.43371 0.00501055 0.56128
106.7 0.43419 0.00495099 0.560859
106.8 0.434677 0.00489285 0.56043
106.9 0.43517 0.00483611 0.559994
107 0.435668 0.00478074 0.559551
107.1 0.436172 0.00472672 0.559102
107.2 0.436681 0.00467403 0.558645
107.3 0.437195 0.00462263 0.558182
107.4 0.437714 0.00457251 0.557713
107.5 0.438239 0.00452365 0.557238
107.6 0.438767 0.00447603 0.556757
107.7 0.439301 0.00442961 0.55627
107.8 0.439838 0.00438439 0.555777
107.9 0.44038 0.00434033 0.55528
108 0.440926 0.00429742 0.554777
108.1 0.441476 0.00425564 0.554269
108.2 0.442029 0.00421497 0.553756
108.3 0.442586 0.00417538 0.553239
108.4 0.443146 0.00413687 0.552717
108.5 0.44371 0.00409941 0.55219
108.6 0.444277 0.00406297 0.55166
108.7 0.444847 0.00402756 0.551125
108.8 0.44542 0.00399314 0.550587
108.9 0.445995 0.0039597 0.550045
109 0.446574 0.00392723 0.549499
109.1 0.447154 0.0038957 0.54895
109.2 0.447737 0.0038651 0.548398
109.3 0.448323 0.00383542 0.547842
109.4 0.44891 0.00380665 0.547283
109.5 0.4495 0.00377875 0.546721
109.6 0.450091 0.00375174 0.546157
109.7 0.450684 0.00372558 0.54559
109.8 0.451279 0.00370026 0.54502
109.9 0.451876 0.00367578 0.544448
110 0.452474 0.00365212 0.543874
110.1 0.453073 0.00362926 0.543298
110.2 0.453674 0.00360721 0.542719
110.3 0.454275 0.00358593 0.542139
110.4 0.454878 0.00356543 0.541556
110.5 0.455482 0.00354569 0.540973
110.6 0.456086 0.0035267 0.540387
110.7 0.456692 0.00350845 0.5398
110.8 0.457298 0.00349094 0.539212
110.9 0.457904 0.00347414 0.538622
111 0.458511 0.00345806 0.538031
111.1 0.459118 0.00344268 0.537439
111.2 0.459726 0.003428 0.536846
111.3 0.460334 0.00341401 0.536252
111.4 0.460942 0.00340069 0.535658
111.5 0.461549 0.00338805 0.535063
111.6 0.462157 0.00337607 0.534467
111.7 0.462765 0.00336476 0.53387
111.8 0.463372 0.00335409 0.533274
111.9 0.463979 0.00334406 0.532677
112 0.464586 0.00333468 0.53208
112.1 0.465192 0.00332593 0.531482
112.2 0.465797 0.0033178 0.530885
112.3 0.466402 0.0033103 0.530288
112.4 0.467006 0.00330342 0.529691
112.5 0.467609 0.00329715 0.529094
112.6 0.468211 0.00329149 0.528497
112.7 0.468813 0.00328643 0.527901
112.8 0.469413 0.00328197 0.527305
112.9 0.470012 0.00327811 0.52671
113 0.47061 0.00327485 0.526116
113.1 0.471206 0.00327217 0.525522
113.2 0.471801 0.00327008 0.524929
113.3 0.472395 0.00326858 0.524337
113.4 0.472987 0.00326766 0.523746
113.5 0.473577 0.00326732 0.523156
113.6 0.474166 0.00326756 0.522567
113.7 0.474752 0.00326837 0.521979
113.8 0.475337 0.00326976 0.521393
113.9 0.47592 0.00327173 0.520808
114 0.476501 0.00327427 0.520224
114.1 0.47708 0.00327738 0.519642
114.2 0.477657 0.00328107 0.519062
114.3 0.478232 0.00328532 0.518483
114.4 0.478804 0.00329015 0.517906
114.5 0.479374 0.00329555 0.517331
114.6 0.479941 0.00330152 0.516757
114.7 0.480506 0.00330807 0.516186
114.8 0.481068 0.00331518 0.515617
114.9 0.481627 0.00332288 0.51505
115 0.482184 0.00333114 0.514485
115.1 0.482738 0.00333999 0.513922
115.2 0.483289 0.00334941 0.513362
115.3 0.483836 0.00335942 0.512804
115.4 0.484381 0.00337 0.512249
115.5 0.484923 0.00338117 0.511696
115.6 0.485461 0.00339292 0.511146
115.7 0.485996 0.00340527 0.510599
115.8 0.486527 0.0034182 0.510054
115.9 0.487055 0.00343173 0.509513
116 0.48758 0.00344586 0.508974
116.1 0.488101 0.00346059 0.508439
116.2 0.488618 0.00347592 0.507906
116.3 0.489131 0.00349186 0.507377
116.4 0.48964 0.00350841 0.506851
116.5 0.490146 0.00352557 0.506329
116.6 0.490647 0.00354335 0.50581
116.7 0.491144 0.00356176 0.505294
116.8 0.491637 0.00358079 0.504782
116.9 0.492126 0.00360045 0.504274
117 0.49261 0.00362075 0.50377
117.1 0.493089 0.00364169 0.503269
117.2 0.493565 0.00366327 0.502772
117.3 0.494035 0.0036855 0.502279
117.4 0.494501 0.00370839 0.501791
117.5 0.494962 0.00373194 0.501307
117.6 0.495417 0.00375616 0.500826
117.7 0.495868 0.00378104 0.500351
117.8 0.496314 0.0038066 0.499879
117.9 0.496755 0.00383285 0.499412
118 0.49719 0.00385978 0.49895
118.1 0.49762 0.0038874 0.498493
118.2 0.498044 0.00391573 0.49804
118.3 0.498463 0.00394476 0.497592
118.4 0.498876 0.0039745 0.497149
118.5 0.499284 0.00400495 0.496711
118.6 0.499685 0.00403613 0.496278
118.7 0.500081 0.00406804 0.495851
118.8 0.500471 0.00410068 0.495429
118.9 0.500854 0.00413407 0.495012
119 0.501231 0.0041682 0.494601
