0 0.9 0.0002 0.0998
0.1 0.900096 0.0002258 0.0996783
0.2 0.900185 0.000254935 0.0995604
0.3 0.900265 0.000287835 0.0994467
0.4 0.900337 0.000324989 0.0993379
0.5 0.900399 0.000366946 0.0992344
0.6 0.900449 0.000414325 0.0991369
0.7 0.900486 0.000467829 0.0990462
0.8 0.900509 0.000528247 0.0989631
0.9 0.900515 0.000596472 0.0988886
1 0.900503 0.000673509 0.0988238
1.1 0.90047 0.000760493 0.0987698
1.2 0.900413 0.000858704 0.0987282
1.3 0.90033 0.000969583 0.0987003
1.4 0.900217 0.00109476 0.098688
1.5 0.900071 0.00123605 0.0986932
1.6 0.899886 0.00139553 0.0987182
1.7 0.899659 0.0015755 0.0987655
1.8 0.899383 0.00177858 0.0988379
1.9 0.899054 0.00200769 0.0989387
2 0.898663 0.00226611 0.0990714
2.1 0.898202 0.00255753 0.09924
2.2 0.897665 0.00288607 0.0994492
2.3 0.89704 0.00325635 0.0997041
2.4 0.896316 0.00367353 0.10001
2.5 0.895482 0.00414336 0.100375
2.6 0.894524 0.00467223 0.100804
2.7 0.893426 0.00526727 0.101307
2.8 0.892171 0.00593636 0.101893
2.9 0.890741 0.00668821 0.102571
3 0.889114 0.00753241 0.103353
3.1 0.887268 0.0084795 0.104253
3.2 0.885175 0.00954096 0.105284
3.3 0.882809 0.0107293 0.106461
3.4 0.880138 0.0120581 0.107804
3.5 0.877128 0.0135417 0.10933
3.6 0.873742 0.0151957 0.111062
3.7 0.869941 0.0170362 0.113023
3.8 0.865681 0.0190802 0.115238
3.9 0.860918 0.0213452 0.117737
4 0.855603 0.0238484 0.120548
4.1 0.849686 0.0266072 0.123706
4.2 0.843116 0.0296379 0.127246
4.3 0.83584 0.0329555 0.131204
4.4 0.827806 0.0365724 0.135621
4.5 0.818964 0.0404981 0.140538
4.6 0.809265 0.0447379 0.145997
4.7 0.798667 0.0492913 0.152041
4.8 0.787135 0.0541514 0.158714
4.9 0.77464 0.0593034 0.166057
5 0.761166 0.0647232 0.17411
5.1 0.746713 0.0703768 0.182911
5.2 0.731292 0.076219 0.192489
5.3 0.714935 0.0821937 0.202871
5.4 0.697693 0.0882333 0.214074
5.5 0.679634 0.0942603 0.226105
5.6 0.660849 0.100188 0.238963
5.7 0.641445 0.105925 0.25263
5.8 0.621546 0.111373 0.267081
5.9 0.601291 0.116436 0.282273
6 0.580828 0.121022 0.29815
6.1 0.560308 0.125046 0.314646
6.2 0.539886 0.128434 0.331681
6.3 0.51971 0.131127 0.349164
6.4 0.49992 0.133082 0.366998
6.5 0.480645 0.134277 0.385079
6.6 0.461995 0.134705 0.4033
6.7 0.444064 0.134382 0.421554
6.8 0.426929 0.133336 0.439735
6.9 0.410644 0.131613 0.457742
7 0.395249 0.12927 0.475482
7.1 0.380763 0.126371 0.492866
7.2 0.367193 0.122988 0.509819
7.3 0.354533 0.119195 0.526272
7.4 0.342764 0.115066 0.54217
7.5 0.33186 0.110674 0.557466
7.6 0.321789 0.106087 0.572124
7.7 0.312512 0.10137 0.586118
7.8 0.303989 0.0965807 0.599431
7.9 0.296176 0.0917706 0.612053
8 0.289032 0.0869851 0.623983
8.1 0.282513 0.0822626 0.635225
8.2 0.276576 0.0776357 0.645789
8.3 0.27118 0.0731307 0.655689
8.4 0.266288 0.0687687 0.664944
8.5 0.26186 0.064566 0.673574
8.6 0.257863 0.0605344 0.681603
8.7 0.254263 0.0566819 0.689055
8.8 0.25103 0.0530134 0.695957
8.9 0.248134 0.0495309 0.702335
9 0.24555 0.0462341 0.708216
9.1 0.243253 0.0431209 0.713626
9.2 0.24122 0.0401877 0.718593
9.3 0.239429 0.0374294 0.723141
9.4 0.237863 0.0348404 0.727297
9.5 0.236503 0.0324141 0.731083
9.6 0.235332 0.0301435 0.734525
9.7 0.234336 0.0280214 0.737643
9.8 0.2335 0.0260403 0.740459
9.9 0.232813 0.0241927 0.742994
10 0.232262 0.0224713 0.745267
10.1 0.231836 0.0208686 0.747295
10.2 0.231527 0.0193775 0.749096
10.3 0.231324 0.0179912 0.750685
10.4 0.231219 0.016703 0.752078
10.5 0.231206 0.0155065 0.753288
10.6 0.231275 0.0143956 0.754329
10.7 0.231423 0.0133647 0.755213
10.8 0.231641 0.0124081 0.755951
10.9 0.231925 0.0115208 0.756554
11 0.23227 0.010698 0.757032
11.1 0.232671 0.00993502 0.757394
11.2 0.233123 0.00922766 0.757649
11.3 0.233623 0.00857191 0.757805
11.4 0.234168 0.00796405 0.757868
11.5 0.234753 0.0074006 0.757846
11.6 0.235376 0.00687831 0.757746
11.7 0.236034 0.00639416 0.757572
11.8 0.236724 0.00594536 0.757331
11.9 0.237444 0.00552929 0.757027
12 0.238191 0.00514352 0.756666
12.1 0.238963 0.00478583 0.756251
12.2 0.23976 0.00445412 0.755786
12.3 0.240577 0.00414646 0.755276
12.4 0.241415 0.00386108 0.754724
12.5 0.242271 0.0035963 0.754132
12.6 0.243145 0.00335061 0.753505
12.7 0.244034 0.00312258 0.752843
12.8 0.244938 0.0029109 0.752151
12.9 0.245855 0.00271436 0.751431
13 0.246785 0.00253183 0.750683
13.1 0.247726 0.00236229 0.749912
13.2 0.248677 0.00220477 0.749118
13.3 0.249639 0.00205838 0.748303
13.4 0.250609 0.0019223 0.747468
13.5 0.251588 0.00179578 0.746616
13.6 0.252574 0.00167812 0.745748
13.7 0.253567 0.00156866 0.744864
13.8 0.254567 0.0014668 0.743966
13.9 0.255572 0.001372 0.743056
14 0.256583 0.00128375 0.742133
14.1 0.257599 0.00120155 0.7412
14.2 0.258619 0.00112499 0.740256
14.3 0.259643 0.00105365 0.739303
14.4 0.260671 0.000987156 0.738342
14.5 0.261702 0.000925164 0.737373
14.6 0.262736 0.000867351 0.736396
14.7 0.263774 0.00081342 0.735413
14.8 0.264813 0.000763096 0.734424
14.9 0.265855 0.000716123 0.733429
15 0.266899 0.000672265 0.732429
15.1 0.267944 0.000631303 0.731425
15.2 0.268991 0.000593036 0.730416
15.3 0.27004 0.000557274 0.729403
15.4 0.271089 0.000523844 0.728387
15.5 0.27214 0.000492585 0.727368
15.6 0.273191 0.000463346 0.726346
15.7 0.274243 0.000435989 0.725321
15.8 0.275295 0.000410384 0.724294
15.9 0.276348 0.000386413 0.723265
16 0.277402 0.000363964 0.722234
16.1 0.278455 0.000342935 0.721202
16.2 0.279509 0.000323228 0.720168
16.3 0.280562 0.000304757 0.719133
16.4 0.281615 0.000287437 0.718097
16.5 0.282669 0.000271192 0.71706
16.6 0.283721 0.000255952 0.716023
16.7 0.284774 0.000241648 0.714984
16.8 0.285826 0.00022822 0.713946
16.9 0.286878 0.000215611 0.712907
17 0.287929 0.000203766 0.711868
17.1 0.288979 0.000192636 0.710828
17.2 0.290029 0.000182174 0.709789
17.3 0.291078 0.000172338 0.70875
17.4 0.292126 0.000163088 0.707711
17.5 0.293173 0.000154385 0.706672
17.6 0.29422 0.000146195 0.705634
17.7 0.295266 0.000138486 0.704596
17.8 0.29631 0.000131226 0.703558
17.9 0.297354 0.000124389 0.702521
18 0.298397 0.000117946 0.701485
18.1 0.299439 0.000111874 0.700449
18.2 0.30048 0.00010615 0.699414
18.3 0.301519 0.000100751 0.69838
18.4 0.302558 9.56589e-05 0.697346
18.5 0.303595 9.08537e-05 0.696314
18.6 0.304632 8.63182e-05 0.695282
18.7 0.305667 8.20359e-05 0.694251
18.8 0.306701 7.79915e-05 0.693221
18.9 0.307733 7.41707e-05 0.692192
19 0.308765 7.05601e-05 0.691165
19.1 0.309795 6.71471e-05 0.690138
19.2 0.310824 6.39199e-05 0.689112
19.3 0.311852 6.08675e-05 0.688087
19.4 0.312878 5.79797e-05 0.687064
19.5 0.313904 5.52468e-05 0.686041
19.6 0.314928 5.26596e-05 0.68502
19.7 0.31595 5.02098e-05 0.684
19.8 0.316971 4.78893e-05 0.682981
19.9 0.317991 4.56908e-05 0.681963
20 0.31901 4.36072e-05 0.680946
20.1 0.320027 4.16319e-05 0.679931
20.2 0.321043 3.97588e-05 0.678917
20.3 0.322058 3.79821e-05 0.677904
20.4 0.323071 3.62964e-05 0.676893
20.5 0.324083 3.46965e-05 0.675882
20.6 0.325093 3.31776e-05 0.674873
20.7 0.326103 3.17353e-05 0.673866
20.8 0.32711 3.03654e-05 0.672859
20.9 0.328117 2.90637e-05 0.671854
21 0.329122 2.78266e-05 0.670851
21.1 0.330125 2.66505e-05 0.669848
21.2 0.331127 2.55322e-05 0.668847
21.3 0.332128 2.44685e-05 0.667847
21.4 0.333127 2.34564e-05 0.666849
21.5 0.334125 2.24933e-05 0.665852
21.6 0.335122 2.15764e-05 0.664857
21.7 0.336117 2.07033e-05 0.663862
21.8 0.337111 1.98718e-05 0.662869
21.9 0.338103 1.90796e-05 0.661878
22 0.339094 1.83246e-05 0.660888
22.1 0.340083 1.7605e-05 0.659899
22.2 0.341072 1.69188e-05 0.658912
22.3 0.342058 1.62644e-05 0.657926
22.4 0.343043 1.56402e-05 0.656941
22.5 0.344027 1.50445e-05 0.655958
22.6 0.34501 1.44759e-05 0.654976
22.7 0.345991 1.39331e-05 0.653995
22.8 0.34697 1.34148e-05 0.653016
22.9 0.347948 1.29196e-05 0.652039
23 0.348925 1.24466e-05 0.651063
23.1 0.3499 1.19945e-05 0.650088
23.2 0.350874 1.15623e-05 0.649114
23.3 0.351847 1.11491e-05 0.648142
23.4 0.352818 1.07539e-05 0.647171
23.5 0.353787 1.03759e-05 0.646202
23.6 0.354756 1.00141e-05 0.645234
23.7 0.355722 9.6679e-06 0.644268
23.8 0.356688 9.33645e-06 0.643303
23.9 0.357652 9.01907e-06 0.642339
24 0.358614 8.71509e-06 0.641377
24.1 0.359575 8.42387e-06 0.640416
24.2 0.360535 8.14481e-06 0.639457
24.3 0.361493 7.87734e-06 0.638499
24.4 0.36245 7.62092e-06 0.637542
24.5 0.363406 7.37503e-06 0.636587
24.6 0.36436 7.13919e-06 0.635633
24.7 0.365313 6.91293e-06 0.63468
24.8 0.366264 6.69582e-06 0.633729
24.9 0.367214 6.48744e-06 0.63278
25 0.368162 6.2874e-06 0.631832
25.1 0.369109 6.09531e-06 0.630885
25.2 0.370055 5.91082e-06 0.629939
25.3 0.370999 5.73359e-06 0.628995
25.4 0.371942 5.5633e-06 0.628052
25.5 0.372883 5.39965e-06 0.627111
25.6 0.373824 5.24233e-06 0.626171
25.7 0.374762 5.09107e-06 0.625233
25.8 0.3757 4.94561e-06 0.624296
25.9 0.376635 4.8057e-06 0.62336
26 0.37757 4.6711e-06 0.622425
26.1 0.378503 4.54157e-06 0.621492
26.2 0.379435 4.41691e-06 0.620561
26.3 0.380365 4.2969e-06 0.619631
26.4 0.381294 4.18136e-06 0.618702
26.5 0.382222 4.07008e-06 0.617774
26.6 0.383148 3.9629e-06 0.616848
26.7 0.384073 3.85965e-06 0.615923
26.8 0.384996 3.76015e-06 0.615
26.9 0.385918 3.66427e-06 0.614078
27 0.386839 3.57184e-06 0.613158
27.1 0.387758 3.48272e-06 0.612238
27.2 0.388676 3.3968e-06 0.61132
27.3 0.389593 3.31392e-06 0.610404
27.4 0.390508 3.23399e-06 0.609489
27.5 0.391422 3.15686e-06 0.608575
27.6 0.392334 3.08244e-06 0.607663
27.7 0.393245 3.01062e-06 0.606752
27.8 0.394155 2.9413e-06 0.605842
27.9 0.395064 2.87438e-06 0.604933
28 0.395971 2.80976e-06 0.604026
28.1 0.396876 2.74736e-06 0.603121
28.2 0.397781 2.68709e-06 0.602217
28.3 0.398684 2.62887e-06 0.601314
28.4 0.399585 2.57263e-06 0.600412
28.5 0.400486 2.51828e-06 0.599512
28.6 0.401385 2.46576e-06 0.598613
28.7 0.402282 2.41501e-06 0.597715
28.8 0.403179 2.36594e-06 0.596819
28.9 0.404074 2.31852e-06 0.595924
29 0.404967 2.27266e-06 0.595031
29.1 0.405859 2.22832e-06 0.594138
29.2 0.40675 2.18544e-06 0.593247
29.3 0.40764 2.14398e-06 0.592358
29.4 0.408528 2.10387e-06 0.59147
29.5 0.409415 2.06507e-06 0.590583
29.6 0.410301 2.02753e-06 0.589697
29.7 0.411185 1.99122e-06 0.588813
29.8 0.412068 1.95609e-06 0.58793
29.9 0.41295 1.92209e-06 0.587048
30 0.41383 1.88919e-06 0.586168
30.1 0.414709 1.85736e-06 0.585289
30.2 0.415587 1.82655e-06 0.584411
30.3 0.416463 1.79673e-06 0.583535
30.4 0.417338 1.76788e-06 0.58266
30.5 0.418212 1.73995e-06 0.581786
30.6 0.419085 1.71291e-06 0.580914
30.7 0.419956 1.68675e-06 0.580043
30.8 0.420826 1.66143e-06 0.579173
30.9 0.421694 1.63692e-06 0.578304
31 0.422561 1.6132e-06 0.577437
31.1 0.423427 1.59024e-06 0.576571
31.2 0.424292 1.56802e-06 0.575706
31.3 0.425155 1.54652e-06 0.574843
31.4 0.426017 1.52571e-06 0.573981
31.5 0.426878 1.50558e-06 0.57312
31.6 0.427738 1.4861e-06 0.572261
31.7 0.428596 1.46726e-06 0.571403
31.8 0.429453 1.44904e-06 0.570546
31.9 0.430308 1.43141e-06 0.56969
32 0.431163 1.41436e-06 0.568836
32.1 0.432016 1.39789e-06 0.567983
32.2 0.432868 1.38196e-06 0.567131
32.3 0.433718 1.36656e-06 0.56628
32.4 0.434567 1.35169e-06 0.565431
32.5 0.435415 1.33732e-06 0.564583
32.6 0.436262 1.32344e-06 0.563737
32.7 0.437107 1.31005e-06 0.562891
32.8 0.437952 1.29712e-06 0.562047
32.9 0.438795 1.28465e-06 0.561204
33 0.439636 1.27262e-06 0.560363
33.1 0.440477 1.26103e-06 0.559522
33.2 0.441316 1.24986e-06 0.558683
33.3 0.442154 1.23911e-06 0.557845
33.4 0.44299 1.22876e-06 0.557009
33.5 0.443825 1.2188e-06 0.556173
33.6 0.44466 1.20923e-06 0.555339
33.7 0.445492 1.20004e-06 0.554506
33.8 0.446324 1.19121e-06 0.553675
33.9 0.447154 1.18275e-06 0.552844
34 0.447984 1.17465e-06 0.552015
34.1 0.448811 1.16689e-06 0.551187
34.2 0.449638 1.15947e-06 0.550361
34.3 0.450463 1.15239e-06 0.549535
34.4 0.451288 1.14563e-06 0.548711
34.5 0.45211 1.1392e-06 0.547888
34.6 0.452932 1.13309e-06 0.547067
34.7 0.453753 1.12729e-06 0.546246
34.8 0.454572 1.12179e-06 0.545427
34.9 0.45539 1.1166e-06 0.544609
35 0.456207 1.11171e-06 0.543792
35.1 0.457022 1.1071e-06 0.542977
35.2 0.457836 1.10279e-06 0.542162
35.3 0.458649 1.09877e-06 0.541349
35.4 0.459461 1.09503e-06 0.540538
35.5 0.460272 1.09157e-06 0.539727
35.6 0.461081 1.08838e-06 0.538917
35.7 0.46189 1.08547e-06 0.538109
35.8 0.462697 1.08283e-06 0.537302
35.9 0.463503 1.08046e-06 0.536496
36 0.464307 1.07835e-06 0.535692
36.1 0.46511 1.07651e-06 0.534888
36.2 0.465913 1.07493e-06 0.534086
36.3 0.466714 1.07361e-06 0.533285
36.4 0.467513 1.07255e-06 0.532485
36.5 0.468312 1.07175e-06 0.531687
36.6 0.469109 1.07121e-06 0.53089
36.7 0.469906 1.07092e-06 0.530093
36.8 0.470701 1.07089e-06 0.529298
36.9 0.471494 1.07112e-06 0.528505
37 0.472287 1.0716e-06 0.527712
37.1 0.473078 1.07233e-06 0.526921
37.2 0.473869 1.07332e-06 0.52613
37.3 0.474658 1.07457e-06 0.525341
37.4 0.475446 1.07607e-06 0.524553
37.5 0.476232 1.07783e-06 0.523767
37.6 0.477018 1.07984e-06 0.522981
37.7 0.477802 1.08212e-06 0.522197
37.8 0.478585 1.08465e-06 0.521414
37.9 0.479367 1.08744e-06 0.520632
38 0.480148 1.0905e-06 0.519851
38.1 0.480928 1.09382e-06 0.519071
38.2 0.481706 1.09741e-06 0.518293
38.3 0.482483 1.10126e-06 0.517516
38.4 0.483259 1.10538e-06 0.516739
38.5 0.484034 1.10978e-06 0.515965
38.6 0.484808 1.11445e-06 0.515191
38.7 0.485581 1.1194e-06 0.514418
38.8 0.486352 1.12464e-06 0.513647
38.9 0.487123 1.13015e-06 0.512876
39 0.487892 1.13596e-06 0.512107
39.1 0.48866 1.14206e-06 0.511339
39.2 0.489427 1.14845e-06 0.510572
39.3 0.490192 1.15514e-06 0.509807
39.4 0.490957 1.16214e-06 0.509042
39.5 0.49172 1.16945e-06 0.508279
39.6 0.492482 1.17707e-06 0.507516
39.7 0.493243 1.18501e-06 0.506755
39.8 0.494003 1.19327e-06 0.505995
39.9 0.494762 1.20186e-06 0.505237
40 0.49552 1.21079e-06 0.504479
40.1 0.496276 1.22006e-06 0.503722
40.2 0.497032 1.22968e-06 0.502967
40.3 0.497786 1.23965e-06 0.502213
40.4 0.498539 1.24998e-06 0.501459
40.5 0.499291 1.26068e-06 0.500707
40.6 0.500042 1.27176e-06 0.499957
40.7 0.500792 1.28322e-06 0.499207
40.8 0.501541 1.29508e-06 0.498458
40.9 0.502288 1.30733e-06 0.497711
41 0.503034 1.32e-06 0.496964
41.1 0.50378 1.33308e-06 0.496219
41.2 0.504524 1.34659e-06 0.495475
41.3 0.505267 1.36053e-06 0.494732
41.4 0.506009 1.37493e-06 0.49399
41.5 0.506749 1.38978e-06 0.493249
41.6 0.507489 1.4051e-06 0.492509
41.7 0.508228 1.42091e-06 0.491771
41.8 0.508965 1.4372e-06 0.491033
41.9 0.509701 1.454e-06 0.490297
42 0.510437 1.47132e-06 0.489562
42.1 0.511171 1.48917e-06 0.488828
42.2 0.511904 1.50756e-06 0.488095
42.3 0.512636 1.52651e-06 0.487363
42.4 0.513367 1.54604e-06 0.486632
42.5 0.514096 1.56615e-06 0.485902
42.6 0.514825 1.58687e-06 0.485174
42.7 0.515552 1.60821e-06 0.484446
42.8 0.516279 1.63019e-06 0.48372
42.9 0.517004 1.65282e-06 0.482994
43 0.517728 1.67613e-06 0.48227
43.1 0.518451 1.70013e-06 0.481547
43.2 0.519174 1.72484e-06 0.480825
43.3 0.519895 1.75028e-06 0.480104
43.4 0.520614 1.77648e-06 0.479384
43.5 0.521333 1.80346e-06 0.478665
43.6 0.522051 1.83123e-06 0.477947
43.7 0.522768 1.85982e-06 0.477231
43.8 0.523483 1.88927e-06 0.476515
43.9 0.524198 1.91958e-06 0.4758
44 0.524911 1.95079e-06 0.475087
44.1 0.525623 1.98293e-06 0.474375
44.2 0.526335 2.01602e-06 0.473663
44.3 0.527045 2.05009e-06 0.472953
44.4 0.527754 2.08517e-06 0.472244
44.5 0.528462 2.1213e-06 0.471536
44.6 0.529169 2.1585e-06 0.470829
44.7 0.529875 2.19682e-06 0.470123
44.8 0.53058 2.23628e-06 0.469418
44.9 0.531283 2.27692e-06 0.468714
45 0.531986 2.31878e-06 0.468012
45.1 0.532688 2.3619e-06 0.46731
45.2 0.533388 2.40632e-06 0.466609
45.3 0.534088 2.45208e-06 0.46591
45.4 0.534786 2.49922e-06 0.465211
45.5 0.535484 2.5478e-06 0.464514
45.6 0.53618 2.59785e-06 0.463817
45.7 0.536875 2.64943e-06 0.463122
45.8 0.53757 2.70258e-06 0.462428
45.9 0.538263 2.75737e-06 0.461734
46 0.538955 2.81383e-06 0.461042
46.1 0.539646 2.87204e-06 0.460351
46.2 0.540336 2.93205e-06 0.459661
46.3 0.541025 2.99392e-06 0.458972
46.4 0.541713 3.05771e-06 0.458284
46.5 0.5424 3.1235e-06 0.457597
46.6 0.543086 3.19134e-06 0.456911
46.7 0.543771 3.26131e-06 0.456226
46.8 0.544455 3.33349e-06 0.455542
46.9 0.545137 3.40795e-06 0.454859
47 0.545819 3.48477e-06 0.454177
47.1 0.5465 3.56403e-06 0.453497
47.2 0.54718 3.64582e-06 0.452817
47.3 0.547858 3.73024e-06 0.452138
47.4 0.548536 3.81737e-06 0.45146
47.5 0.549212 3.90731e-06 0.450784
47.6 0.549888 4.00016e-06 0.450108
47.7 0.550562 4.09603e-06 0.449433
47.8 0.551236 4.19503e-06 0.44876
47.9 0.551908 4.29726e-06 0.448087
48 0.55258 4.40286e-06 0.447416
48.1 0.55325 4.51193e-06 0.446745
48.2 0.55392 4.62462e-06 0.446076
48.3 0.554588 4.74105e-06 0.445407
48.4 0.555255 4.86136e-06 0.44474
48.5 0.555922 4.98569e-06 0.444073
48.6 0.556587 5.11421e-06 0.443408
48.7 0.557251 5.24705e-06 0.442744
48.8 0.557914 5.3844e-06 0.44208
48.9 0.558577 5.52641e-06 0.441418
49 0.559238 5.67326e-06 0.440757
49.1 0.559898 5.82514e-06 0.440096
49.2 0.560557 5.98224e-06 0.439437
49.3 0.561215 6.14476e-06 0.438779
49.4 0.561872 6.31291e-06 0.438121
49.5 0.562529 6.48691e-06 0.437465
49.6 0.563184 6.66697e-06 0.43681
49.7 0.563838 6.85335e-06 0.436155
49.8 0.564491 7.04628e-06 0.435502
49.9 0.565143 7.24602e-06 0.43485
50 0.565794 7.45284e-06 0.434199
50.1 0.566444 7.66702e-06 0.433548
50.2 0.567093 7.88886e-06 0.432899
50.3 0.567741 8.11864e-06 0.432251
50.4 0.568388 8.3567e-06 0.431604
50.5 0.569034 8.60336e-06 0.430957
50.6 0.569679 8.85897e-06 0.430312
50.7 0.570323 9.12388e-06 0.429668
50.8 0.570966 9.39848e-06 0.429025
50.9 0.571608 9.68316e-06 0.428382
51 0.572249 9.97833e-06 0.427741
51.1 0.572889 1.02844e-05 0.427101
51.2 0.573528 1.06019e-05 0.426462
51.3 0.574165 1.09311e-05 0.425824
51.4 0.574802 1.12727e-05 0.425186
51.5 0.575438 1.16271e-05 0.42455
51.6 0.576073 1.19949e-05 0.423915
51.7 0.576707 1.23766e-05 0.423281
51.8 0.57734 1.27728e-05 0.422648
51.9 0.577971 1.31841e-05 0.422015
52 0.578602 1.36112e-05 0.421384
52.1 0.579232 1.40547e-05 0.420754
52.2 0.579861 1.45152e-05 0.420125
52.3 0.580488 1.49936e-05 0.419497
52.4 0.581115 1.54906e-05 0.41887
52.5 0.58174 1.6007e-05 0.418244
52.6 0.582365 1.65436e-05 0.417618
52.7 0.582989 1.71012e-05 0.416994
52.8 0.583611 1.76809e-05 0.416371
52.9 0.584233 1.82835e-05 0.415749
53 0.584853 1.89101e-05 0.415128
53.1 0.585472 1.95617e-05 0.414508
53.2 0.586091 2.02393e-05 0.413889
53.3 0.586708 2.09442e-05 0.413271
53.4 0.587324 2.16775e-05 0.412654
53.5 0.587939 2.24405e-05 0.412038
53.6 0.588554 2.32345e-05 0.411423
53.7 0.589167 2.40608e-05 0.410809
53.8 0.589779 2.4921e-05 0.410196
53.9 0.59039 2.58165e-05 0.409585
54 0.590999 2.67489e-05 0.408974
54.1 0.591608 2.77199e-05 0.408364
54.2 0.592216 2.87312e-05 0.407755
54.3 0.592822 2.97846e-05 0.407148
54.4 0.593428 3.08821e-05 0.406541
54.5 0.594032 3.20256e-05 0.405936
54.6 0.594635 3.32173e-05 0.405331
54.7 0.595237 3.44593e-05 0.404728
54.8 0.595838 3.57539e-05 0.404126
54.9 0.596438 3.71037e-05 0.403525
55 0.597037 3.85111e-05 0.402925
55.1 0.597635 3.99788e-05 0.402326
55.2 0.598231 4.15096e-05 0.401728
55.3 0.598826 4.31065e-05 0.401131
55.4 0.59942 4.47724e-05 0.400535
55.5 0.600013 4.65108e-05 0.399941
55.6 0.600604 4.83249e-05 0.399347
55.7 0.601195 5.02183e-05 0.398755
55.8 0.601784 5.21948e-05 0.398164
55.9 0.602372 5.42583e-05 0.397574
56 0.602958 5.6413e-05 0.396985
56.1 0.603544 5.86632e-05 0.396398
56.2 0.604128 6.10134e-05 0.395811
56.3 0.60471 6.34685e-05 0.395226
56.4 0.605292 6.60335e-05 0.394642
56.5 0.605872 6.87136e-05 0.394059
56.6 0.606451 7.15145e-05 0.393478
56.7 0.607028 7.44419e-05 0.392898
56.8 0.607604 7.75021e-05 0.392319
56.9 0.608178 8.07015e-05 0.391741
57 0.608751 8.40469e-05 0.391165
57.1 0.609323 8.75453e-05 0.39059
57.2 0.609893 9.12044e-05 0.390016
57.3 0.610461 9.50321e-05 0.389444
57.4 0.611028 9.90366e-05 0.388873
57.5 0.611593 0.000103227 0.388304
57.6 0.612157 0.000107612 0.387736
57.7 0.612719 0.000112201 0.387169
57.8 0.613279 0.000117005 0.386604
57.9 0.613837 0.000122034 0.386041
58 0.614394 0.0001273 0.385479
58.1 0.614949 0.000132814 0.384918
58.2 0.615502 0.00013859 0.384359
58.3 0.616053 0.000144639 0.383802
58.4 0.616602 0.000150977 0.383247
58.5 0.617149 0.000157617 0.382693
58.6 0.617694 0.000164575 0.382141
58.7 0.618237 0.000171867 0.381591
58.8 0.618778 0.00017951 0.381043
58.9 0.619316 0.000187522 0.380496
59 0.619852 0.000195922 0.379952
59.1 0.620386 0.00020473 0.379409
59.2 0.620917 0.000213967 0.378869
59.3 0.621446 0.000223654 0.37833
59.4 0.621972 0.000233815 0.377794
59.5 0.622495 0.000244475 0.37726
59.6 0.623016 0.00025566 0.376729
59.7 0.623533 0.000267396 0.376199
59.8 0.624048 0.000279712 0.375672
59.9 0.624559 0.000292639 0.375148
60 0.625067 0.000306208 0.374626
60.1 0.625572 0.000320453 0.374107
60.2 0.626074 0.000335409 0.373591
60.3 0.626571 0.000351113 0.373078
60.4 0.627065 0.000367606 0.372567
60.5 0.627555 0.000384927 0.37206
60.6 0.628041 0.000403121 0.371555
60.7 0.628523 0.000422234 0.371055
60.8 0.629001 0.000442314 0.370557
60.9 0.629473 0.000463413 0.370063
61 0.629941 0.000485583 0.369573
61.1 0.630405 0.000508883 0.369087
61.2 0.630862 0.000533371 0.368604
61.3 0.631315 0.000559111 0.368126
61.4 0.631762 0.000586169 0.367652
61.5 0.632203 0.000614615 0.367183
61.6 0.632638 0.000644522 0.366718
61.7 0.633066 0.000675969 0.366258
61.8 0.633488 0.000709037 0.365803
61.9 0.633902 0.000743813 0.365354
62 0.63431 0.000780387 0.36491
62.1 0.634709 0.000818854 0.364472
62.2 0.635101 0.000859316 0.36404
62.3 0.635484 0.000901879 0.363614
62.4 0.635858 0.000946652 0.363195
62.5 0.636224 0.000993756 0.362783
62.6 0.636579 0.00104331 0.362378
62.7 0.636924 0.00109545 0.36198
62.8 0.637259 0.00115031 0.36159
62.9 0.637583 0.00120803 0.361209
63 0.637895 0.00126876 0.360836
63.1 0.638195 0.00133267 0.360473
63.2 0.638481 0.00139991 0.360119
63.3 0.638755 0.00147067 0.359774
63.4 0.639014 0.00154512 0.359441
63.5 0.639259 0.00162347 0.359118
63.6 0.639488 0.0017059 0.358806
63.7 0.6397 0.00179264 0.358507
63.8 0.639896 0.0018839 0.35822
63.9 0.640073 0.00197992 0.357947
64 0.640232 0.00208094 0.357687
64.1 0.640371 0.00218722 0.357442
64.2 0.640489 0.00229901 0.357212
64.3 0.640586 0.00241659 0.356998
64.4 0.640659 0.00254027 0.356801
64.5 0.640709 0.00267032 0.356621
64.6 0.640733 0.00280708 0.35646
64.7 0.640731 0.00295085 0.356318
64.8 0.640701 0.00310199 0.356197
64.9 0.640642 0.00326085 0.356097
65 0.640553 0.00342778 0.356019
65.1 0.640432 0.00360316 0.355965
65.2 0.640277 0.00378739 0.355936
65.3 0.640087 0.00398086 0.355932
65.4 0.639861 0.00418399 0.355955
65.5 0.639595 0.0043972 0.356007
65.6 0.63929 0.00462092 0.356089
65.7 0.638943 0.00485561 0.356202
65.8 0.638551 0.0051017 0.356347
65.9 0.638113 0.00535967 0.356527
66 0.637628 0.00562998 0.356742
66.1 0.637091 0.0059131 0.356996
66.2 0.636503 0.00620951 0.357288
66.3 0.635859 0.00651968 0.357621
66.4 0.635158 0.00684409 0.357998
66.5 0.634398 0.0071832 0.358419
66.6 0.633576 0.00753747 0.358887
66.7 0.632689 0.00790735 0.359404
66.8 0.631735 0.00829328 0.359972
66.9 0.630712 0.00869568 0.360593
67 0.629616 0.00911493 0.361269
67.1 0.628445 0.00955139 0.362003
67.2 0.627197 0.0100054 0.362798
67.3 0.625869 0.0104772 0.363654
67.4 0.624457 0.0109672 0.364576
67.5 0.622961 0.0114754 0.365564
67.6 0.621376 0.0120019 0.366622
67.7 0.6197 0.012547 0.367753
67.8 0.617932 0.0131105 0.368958
67.9 0.616068 0.0136923 0.37024
68 0.614107 0.0142923 0.371601
68.1 0.612045 0.0149102 0.373045
68.2 0.609882 0.0155456 0.374573
68.3 0.607615 0.0161979 0.376187
68.4 0.605243 0.0168667 0.37789
68.5 0.602764 0.017551 0.379685
68.6 0.600177 0.01825 0.381573
68.7 0.597482 0.0189628 0.383555
68.8 0.594677 0.019688 0.385635
68.9 0.591763 0.0204244 0.387813
69 0.588739 0.0211704 0.39009
69.1 0.585606 0.0219246 0.392469
69.2 0.582365 0.022685 0.39495
69.3 0.579017 0.0234497 0.397533
69.4 0.575564 0.0242166 0.40022
69.5 0.572007 0.0249835 0.40301
69.6 0.568349 0.0257481 0.405903
69.7 0.564593 0.0265077 0.408899
69.8 0.560743 0.02726 0.411997
69.9 0.556803 0.0280021 0.415195
70 0.552776 0.0287313 0.418492
70.1 0.548668 0.0294448 0.421887
70.2 0.544484 0.0301397 0.425377
70.3 0.540229 0.0308131 0.428958
70.4 0.535909 0.0314623 0.432628
70.5 0.531531 0.0320844 0.436384
70.6 0.527102 0.0326767 0.440221
70.7 0.522628 0.0332365 0.444136
70.8 0.518116 0.0337612 0.448123
70.9 0.513574 0.0342485 0.452177
71 0.50901 0.0346962 0.456294
71.1 0.504431 0.0351023 0.460467
71.2 0.499845 0.0354649 0.46469
71.3 0.495259 0.0357824 0.468958
71.4 0.490682 0.0360536 0.473265
71.5 0.486121 0.0362773 0.477602
71.6 0.481583 0.0364527 0.481965
71.7 0.477076 0.0365794 0.486345
71.8 0.472606 0.036657 0.490737
71.9 0.468182 0.0366857 0.495132
72 0.463809 0.0366657 0.499526
72.1 0.459493 0.0365976 0.50391
72.2 0.45524 0.0364822 0.508277
72.3 0.451057 0.0363207 0.512623
72.4 0.446947 0.0361143 0.516938
72.5 0.442916 0.0358645 0.521219
72.6 0.438969 0.0355731 0.525458
72.7 0.435108 0.0352419 0.52965
72.8 0.431337 0.034873 0.53379
72.9 0.42766 0.0344685 0.537871
73 0.424079 0.0340307 0.54189
73.1 0.420597 0.0335619 0.545841
73.2 0.417214 0.0330645 0.549721
73.3 0.413933 0.0325409 0.553526
73.4 0.410755 0.0319935 0.557251
73.5 0.407681 0.0314249 0.560895
73.6 0.40471 0.0308374 0.564453
73.7 0.401843 0.0302334 0.567923
73.8 0.399081 0.0296152 0.571304
73.9 0.396422 0.0289851 0.574593
74 0.393865 0.0283453 0.577789
74.1 0.391411 0.0276979 0.580891
74.2 0.389058 0.0270449 0.583897
74.3 0.386804 0.0263882 0.586808
74.4 0.384649 0.0257295 0.589622
74.5 0.38259 0.0250707 0.592339
74.6 0.380626 0.0244133 0.594961
74.7 0.378755 0.0237587 0.597486
74.8 0.376975 0.0231084 0.599916
74.9 0.375285 0.0224635 0.602252
75 0.373682 0.0218252 0.604493
75.1 0.372164 0.0211945 0.606642
75.2 0.370728 0.0205724 0.608699
75.3 0.369374 0.0199598 0.610666
75.4 0.368098 0.0193572 0.612545
75.5 0.366899 0.0187655 0.614336
75.6 0.365773 0.018185 0.616041
75.7 0.36472 0.0176164 0.617663
75.8 0.363737 0.01706 0.619203
75.9 0.362821 0.0165162 0.620663
76 0.361971 0.0159851 0.622044
76.1 0.361184 0.0154671 0.623349
76.2 0.360459 0.0149621 0.624579
76.3 0.359792 0.0144705 0.625737
76.4 0.359184 0.013992 0.626824
76.5 0.35863 0.0135269 0.627843
76.6 0.35813 0.0130749 0.628795
76.7 0.357682 0.0126361 0.629682
76.8 0.357283 0.0122103 0.630507
76.9 0.356932 0.0117974 0.63127
77 0.356628 0.0113973 0.631975
77.1 0.356368 0.0110096 0.632623
77.2 0.35615 0.0106343 0.633215
77.3 0.355975 0.0102711 0.633754
77.4 0.355839 0.00991975 0.634242
77.5 0.355741 0.00958001 0.634679
77.6 0.35568 0.00925163 0.635068
77.7 0.355655 0.00893434 0.635411
77.8 0.355664 0.00862786 0.635708
77.9 0.355705 0.00833192 0.635963
78 0.355778 0.00804623 0.636175
78.1 0.355882 0.00777051 0.636348
78.2 0.356015 0.00750448 0.636481
78.3 0.356175 0.00724786 0.636577
78.4 0.356363 0.00700037 0.636637
78.5 0.356577 0.00676172 0.636662
78.6 0.356815 0.00653164 0.636653
78.7 0.357077 0.00630985 0.636613
78.8 0.357363 0.00609609 0.636541
78.9 0.35767 0.0058901 0.63644
79 0.357998 0.00569161 0.63631
79.1 0.358347 0.00550037 0.636152
79.2 0.358716 0.00531613 0.635968
79.3 0.359103 0.00513865 0.635758
79.4 0.359508 0.00496769 0.635524
79.5 0.359931 0.00480302 0.635266
79.6 0.36037 0.00464442 0.634986
79.7 0.360825 0.00449167 0.634684
79.8 0.361295 0.00434456 0.63436
79.9 0.36178 0.00420288 0.634017
80 0.362279 0.00406643 0.633654
80.1 0.362792 0.00393501 0.633273
80.2 0.363317 0.00380845 0.632874
80.3 0.363855 0.00368657 0.632458
80.4 0.364405 0.00356917 0.632026
80.5 0.364967 0.00345611 0.631577
80.6 0.365539 0.0033472 0.631114
80.7 0.366122 0.00324231 0.630636
80.8 0.366715 0.00314127 0.630144
80.9 0.367318 0.00304393 0.629638
81 0.36793 0.00295017 0.62912
81.1 0.368551 0.00285983 0.628589
81.2 0.36918 0.00277279 0.628047
81.3 0.369818 0.00268893 0.627493
81.4 0.370464 0.00260811 0.626928
81.5 0.371117 0.00253023 0.626353
81.6 0.371777 0.00245517 0.625768
81.7 0.372445 0.00238283 0.625173
81.8 0.373118 0.00231309 0.624568
81.9 0.373799 0.00224586 0.623955
82 0.374485 0.00218104 0.623334
82.1 0.375177 0.00211855 0.622704
82.2 0.375875 0.00205828 0.622067
82.3 0.376578 0.00200016 0.621422
82.4 0.377286 0.0019441 0.62077
82.5 0.377999 0.00189003 0.620111
82.6 0.378717 0.00183786 0.619445
82.7 0.379439 0.00178753 0.618773
82.8 0.380166 0.00173897 0.618095
82.9 0.380896 0.0016921 0.617412
83 0.381631 0.00164687 0.616723
83.1 0.382369 0.00160321 0.616028
83.2 0.383111 0.00156106 0.615328
83.3 0.383856 0.00152037 0.614624
83.4 0.384604 0.00148108 0.613915
83.5 0.385356 0.00144314 0.613201
83.6 0.38611 0.00140649 0.612484
83.7 0.386867 0.00137109 0.611762
83.8 0.387627 0.0013369 0.611036
83.9 0.388389 0.00130386 0.610307
84 0.389154 0.00127194 0.609574
84.1 0.389921 0.00124109 0.608837
84.2 0.390691 0.00121128 0.608098
84.3 0.391462 0.00118246 0.607355
84.4 0.392235 0.0011546 0.60661
84.5 0.393011 0.00112766 0.605862
84.6 0.393788 0.00110161 0.605111
84.7 0.394566 0.00107643 0.604357
84.8 0.395346 0.00105207 0.603601
84.9 0.396128 0.00102851 0.602843
85 0.396911 0.00100571 0.602083
85.1 0.397696 0.00098366 0.601321
85.2 0.398481 0.000962323 0.600556
85.3 0.399268 0.000941676 0.59979
85.4 0.400056 0.000921694 0.599023
85.5 0.400845 0.000902354 0.598253
85.6 0.401634 0.000883633 0.597482
85.7 0.402425 0.00086551 0.596709
85.8 0.403216 0.000847964 0.595936
85.9 0.404009 0.000830975 0.59516
86 0.404802 0.000814524 0.594384
86.1 0.405595 0.000798592 0.593606
86.2 0.406389 0.000783162 0.592828
86.3 0.407184 0.000768217 0.592048
86.4 0.407979 0.00075374 0.591268
86.5 0.408774 0.000739715 0.590486
86.6 0.40957 0.000726128 0.589704
86.7 0.410366 0.000712964 0.588921
86.8 0.411162 0.000700209 0.588138
86.9 0.411959 0.00068785 0.587353
87 0.412755 0.000675872 0.586569
87.1 0.413552 0.000664265 0.585784
87.2 0.414349 0.000653017 0.584998
87.3 0.415146 0.000642114 0.584212
87.4 0.415943 0.000631547 0.583425
87.5 0.41674 0.000621306 0.582639
87.6 0.417537 0.000611378 0.581852
87.7 0.418334 0.000601756 0.581064
87.8 0.41913 0.000592429 0.580277
87.9 0.419927 0.000583388 0.57949
88 0.420723 0.000574624 0.578702
88.1 0.421519 0.00056613 0.577914
88.2 0.422315 0.000557896 0.577127
88.3 0.423111 0.000549915 0.576339
88.4 0.423906 0.000542179 0.575552
88.5 0.424701 0.000534682 0.574764
88.6 0.425496 0.000527416 0.573977
88.7 0.42629 0.000520374 0.57319
88.8 0.427083 0.00051355 0.572403
88.9 0.427877 0.000506938 0.571616
89 0.42867 0.000500532 0.57083
89.1 0.429462 0.000494326 0.570044
89.2 0.430254 0.000488314 0.569258
89.3 0.431045 0.000482492 0.568472
89.4 0.431836 0.000476853 0.567687
89.5 0.432626 0.000471394 0.566902
89.6 0.433416 0.000466108 0.566118
89.7 0.434205 0.000460993 0.565334
89.8 0.434993 0.000456042 0.564551
89.9 0.435781 0.000451253 0.563768
90 0.436568 0.00044662 0.562985
90.1 0.437355 0.000442141 0.562203
90.2 0.43814 0.000437811 0.561422
90.3 0.438925 0.000433626 0.560641
90.4 0.43971 0.000429584 0.559861
90.5 0.440493 0.00042568 0.559081
90.6 0.441276 0.000421912 0.558302
90.7 0.442058 0.000418276 0.557524
90.8 0.442839 0.00041477 0.556746
90.9 0.44362 0.000411391 0.555969
91 0.444399 0.000408135 0.555193
91.1 0.445178 0.000405 0.554417
91.2 0.445956 0.000401984 0.553642
91.3 0.446733 0.000399085 0.552868
91.4 0.447509 0.000396299 0.552094
91.5 0.448285 0.000393625 0.551322
91.6 0.449059 0.000391061 0.55055
91.7 0.449833 0.000388604 0.549779
91.8 0.450605 0.000386253 0.549008
91.9 0.451377 0.000384006 0.548239
92 0.452148 0.00038186 0.54747
92.1 0.452918 0.000379815 0.546703
92.2 0.453686 0.000377869 0.545936
92.3 0.454454 0.000376019 0.54517
92.4 0.455221 0.000374266 0.544405
92.5 0.455987 0.000372606 0.54364
92.6 0.456752 0.00037104 0.542877
92.7 0.457516 0.000369565 0.542115
92.8 0.458278 0.000368181 0.541353
92.9 0.45904 0.000366886 0.540593
93 0.459801 0.00036568 0.539833
93.1 0.460561 0.000364561 0.539075
93.2 0.461319 0.000363529 0.538317
93.3 0.462077 0.000362582 0.537561
93.4 0.462833 0.00036172 0.536805
93.5 0.463589 0.000360943 0.53605
93.6 0.464343 0.000360248 0.535297
93.7 0.465096 0.000359637 0.534544
93.8 0.465848 0.000359108 0.533793
93.9 0.466599 0.000358661 0.533043
94 0.467348 0.000358295 0.532293
94.1 0.468097 0.00035801 0.531545
94.2 0.468844 0.000357805 0.530798
94.3 0.469591 0.000357681 0.530052
94.4 0.470336 0.000357637 0.529307
94.5 0.47108 0.000357673 0.528563
94.6 0.471822 0.000357789 0.52782
94.7 0.472564 0.000357985 0.527078
94.8 0.473304 0.00035826 0.526338
94.9 0.474043 0.000358615 0.525598
95 0.474781 0.00035905 0.52486
95.1 0.475517 0.000359565 0.524123
95.2 0.476252 0.00036016 0.523387
95.3 0.476986 0.000360836 0.522653
95.4 0.477719 0.000361592 0.521919
95.5 0.478451 0.000362429 0.521187
95.6 0.479181 0.000363348 0.520456
95.7 0.479909 0.000364349 0.519726
95.8 0.480637 0.000365432 0.518998
95.9 0.481363 0.000366598 0.51827
96 0.482088 0.000367848 0.517544
96.1 0.482811 0.000369182 0.516819
96.2 0.483534 0.000370601 0.516096
96.3 0.484254 0.000372105 0.515374
96.4 0.484974 0.000373697 0.514653
96.5 0.485692 0.000375375 0.513933
96.6 0.486408 0.000377142 0.513215
96.7 0.487123 0.000378999 0.512498
96.8 0.487837 0.000380946 0.511782
96.9 0.488549 0.000382984 0.511068
97 0.48926 0.000385116 0.510355
97.1 0.48997 0.000387341 0.509643
97.2 0.490678 0.000389661 0.508933
97.3 0.491384 0.000392079 0.508224
97.4 0.492089 0.000394594 0.507516
97.5 0.492792 0.000397209 0.50681
97.6 0.493494 0.000399925 0.506106
97.7 0.494195 0.000402743 0.505403
97.8 0.494893 0.000405667 0.504701
97.9 0.495591 0.000408696 0.504001
98 0.496286 0.000411834 0.503302
98.1 0.49698 0.000415082 0.502605
98.2 0.497673 0.000418441 0.501909
98.3 0.498364 0.000421915 0.501214
98.4 0.499053 0.000425505 0.500522
98.5 0.49974 0.000429214 0.499831
98.6 0.500426 0.000433043 0.499141
98.7 0.50111 0.000436996 0.498453
98.8 0.501793 0.000441075 0.497766
98.9 0.502473 0.000445282 0.497081
99 0.503152 0.000449619 0.496398
99.1 0.503829 0.000454091 0.495716
99.2 0.504505 0.0004587 0.495036
99.3 0.505178 0.000463448 0.494358
99.4 0.50585 0.000468339 0.493681
99.5 0.50652 0.000473376 0.493006
99.6 0.507188 0.000478562 0.492333
99.7 0.507854 0.000483901 0.491662
99.8 0.508519 0.000489397 0.490992
99.9 0.509181 0.000495052 0.490324
