0 0.9 0.0002 0.0998
0.1 0.899996 0.000226 0.0997781
0.2 0.899985 0.00025538 0.0997598
0.3 0.899966 0.000288578 0.0997457
0.4 0.899938 0.00032609 0.0997363
0.5 0.899899 0.000368476 0.099732
0.6 0.89985 0.000416366 0.0997338
0.7 0.899787 0.000470475 0.0997422
0.8 0.89971 0.000531607 0.0997582
0.9 0.899617 0.00060067 0.0997827
1 0.899504 0.000678688 0.0998169
1.1 0.899371 0.000766816 0.099862
1.2 0.899214 0.000866358 0.0999195
1.3 0.89903 0.00097878 0.0999908
1.4 0.898816 0.00110574 0.100078
1.5 0.898568 0.00124909 0.100183
1.6 0.898282 0.00141093 0.100307
1.7 0.897952 0.00159363 0.100455
1.8 0.897573 0.00179982 0.100628
1.9 0.897138 0.00203249 0.100829
2 0.896642 0.00229497 0.101063
2.1 0.896075 0.002591 0.101334
2.2 0.895429 0.00292478 0.101646
2.3 0.894694 0.00330099 0.102005
2.4 0.893859 0.00372486 0.102416
2.5 0.892911 0.00420223 0.102886
2.6 0.891837 0.00473959 0.103423
2.7 0.890621 0.00534413 0.104035
2.8 0.889245 0.00602383 0.104731
2.9 0.88769 0.00678749 0.105522
3 0.885936 0.0076448 0.10642
3.1 0.883957 0.00860636 0.107437
3.2 0.881728 0.00968377 0.108588
3.3 0.879221 0.0108896 0.109889
3.4 0.876404 0.0122373 0.111359
3.5 0.873242 0.0137416 0.113016
3.6 0.869699 0.0154177 0.114884
3.7 0.865733 0.0172818 0.116985
3.8 0.861303 0.0193508 0.119346
3.9 0.856363 0.0216417 0.121995
4 0.850864 0.0241719 0.124964
4.1 0.844756 0.0269579 0.128286
4.2 0.837989 0.0300156 0.131996
4.3 0.830509 0.0333593 0.136132
4.4 0.822265 0.0370005 0.140734
4.5 0.813209 0.0409477 0.145844
4.6 0.803292 0.0452048 0.151503
4.7 0.792474 0.0497699 0.157756
4.8 0.78072 0.0546345 0.164645
4.9 0.768006 0.0597819 0.172212
5 0.754318 0.0651863 0.180495
5.1 0.739657 0.0708116 0.189531
5.2 0.724039 0.0766109 0.19935
5.3 0.707498 0.0825262 0.209976
5.4 0.690087 0.0884886 0.221424
5.5 0.671878 0.0944197 0.233702
5.6 0.652963 0.100232 0.246804
5.7 0.633452 0.105834 0.260713
5.8 0.61347 0.11113 0.2754
5.9 0.593156 0.116024 0.29082
6 0.572655 0.120427 0.306918
6.1 0.55212 0.124256 0.323624
6.2 0.5317 0.127441 0.340858
6.3 0.511542 0.129928 0.35853
6.4 0.491782 0.131677 0.37654
6.5 0.472544 0.132669 0.394787
6.6 0.453934 0.132903 0.413163
6.7 0.436041 0.132395 0.431563
6.8 0.418938 0.131179 0.449883
6.9 0.402676 0.129301 0.468023
7 0.387291 0.126819 0.485891
7.1 0.372799 0.123799 0.503403
7.2 0.359205 0.120312 0.520483
7.3 0.3465 0.116434 0.537066
7.4 0.334665 0.112236 0.553098
7.5 0.323673 0.107792 0.568535
7.6 0.313491 0.103168 0.583341
7.7 0.30408 0.0984268 0.597493
7.8 0.2954 0.093626 0.610974
7.9 0.287408 0.0888154 0.623776
8 0.280062 0.0840392 0.635899
8.1 0.273319 0.0793345 0.647346
8.2 0.267138 0.0747328 0.658129
8.3 0.261478 0.0702594 0.668263
8.4 0.2563 0.0659345 0.677765
8.5 0.25157 0.0617733 0.686657
8.6 0.247251 0.0577872 0.694962
8.7 0.243312 0.0539833 0.702705
8.8 0.239723 0.0503661 0.709911
8.9 0.236456 0.046937 0.716607
9 0.233484 0.0436954 0.72282
9.1 0.230785 0.0406387 0.728576
9.2 0.228336 0.0377629 0.733901
9.3 0.226116 0.0350629 0.738821
9.4 0.224107 0.0325326 0.743361
9.5 0.222291 0.0301653 0.747543
9.6 0.220653 0.0279538 0.751393
9.7 0.219179 0.0258907 0.754931
9.8 0.217854 0.0239684 0.758178
9.9 0.216666 0.0221793 0.761154
10 0.215605 0.0205158 0.763879
10.1 0.21466 0.0189706 0.766369
10.2 0.213822 0.0175364 0.768642
10.3 0.213081 0.0162062 0.770713
10.4 0.212431 0.0149733 0.772596
10.5 0.211863 0.0138313 0.774306
10.6 0.211371 0.012774 0.775855
10.7 0.210949 0.0117957 0.777256
10.8 0.210591 0.0108907 0.778518
10.9 0.210292 0.0100541 0.779654
11 0.210047 0.0092808 0.780672
11.1 0.209853 0.00856631 0.781581
11.2 0.209704 0.00790633 0.782389
11.3 0.209598 0.00729684 0.783105
11.4 0.209531 0.00673411 0.783735
11.5 0.2095 0.00621463 0.784286
11.6 0.209501 0.00573517 0.784764
11.7 0.209533 0.00529271 0.785174
11.8 0.209593 0.00488443 0.785523
11.9 0.209679 0.00450773 0.785814
12 0.209788 0.0041602 0.786052
12.1 0.209919 0.0038396 0.786241
12.2 0.21007 0.00354386 0.786386
12.3 0.21024 0.00327105 0.786489
12.4 0.210427 0.00301942 0.786553
12.5 0.21063 0.00278731 0.786583
12.6 0.210847 0.00257321 0.78658
12.7 0.211078 0.00237573 0.786547
12.8 0.21132 0.00219357 0.786486
12.9 0.211575 0.00202553 0.7864
13 0.211839 0.00187052 0.78629
13.1 0.212114 0.00172752 0.786159
13.2 0.212397 0.0015956 0.786008
13.3 0.212688 0.00147389 0.785838
13.4 0.212987 0.00136159 0.785652
13.5 0.213293 0.00125796 0.785449
13.6 0.213605 0.00116234 0.785233
13.7 0.213923 0.0010741 0.785003
13.8 0.214247 0.000992659 0.784761
13.9 0.214575 0.000917488 0.784507
14 0.214908 0.000848101 0.784243
14.1 0.215246 0.000784046 0.78397
14.2 0.215587 0.000724909 0.783688
14.3 0.215932 0.000670306 0.783397
14.4 0.21628 0.000619885 0.7831
14.5 0.216632 0.000573322 0.782795
14.6 0.216986 0.000530317 0.782484
14.7 0.217343 0.000490594 0.782167
14.8 0.217702 0.000453899 0.781844
14.9 0.218063 0.000419997 0.781517
15 0.218426 0.000388673 0.781185
15.1 0.218791 0.000359728 0.780849
15.2 0.219158 0.000332978 0.780509
15.3 0.219527 0.000308253 0.780165
15.4 0.219896 0.000285399 0.779818
15.5 0.220267 0.00026427 0.779468
15.6 0.22064 0.000244736 0.779116
15.7 0.221013 0.000226672 0.77876
15.8 0.221387 0.000209967 0.778403
15.9 0.221763 0.000194517 0.778043
16 0.222139 0.000180226 0.777681
16.1 0.222516 0.000167005 0.777317
16.2 0.222893 0.000154772 0.776952
16.3 0.223271 0.000143454 0.776585
16.4 0.22365 0.000132979 0.776217
16.5 0.224029 0.000123284 0.775848
16.6 0.224409 0.00011431 0.775477
16.7 0.224789 0.000106002 0.775105
16.8 0.225169 9.83103e-05 0.774732
16.9 0.22555 9.11878e-05 0.774359
17 0.225931 8.45917e-05 0.773984
17.1 0.226312 7.84824e-05 0.773609
17.2 0.226694 7.28234e-05 0.773233
17.3 0.227075 6.75807e-05 0.772857
17.4 0.227457 6.27232e-05 0.77248
17.5 0.227839 5.8222e-05 0.772103
17.6 0.228221 5.40505e-05 0.771725
17.7 0.228603 5.0184e-05 0.771346
17.8 0.228986 4.65999e-05 0.770968
17.9 0.229368 4.32772e-05 0.770589
18 0.22975 4.01963e-05 0.77021
18.1 0.230133 3.73393e-05 0.76983
18.2 0.230515 3.46897e-05 0.76945
18.3 0.230897 3.22321e-05 0.769071
18.4 0.231279 2.99523e-05 0.768691
18.5 0.231662 2.78372e-05 0.76831
18.6 0.232044 2.58746e-05 0.76793
18.7 0.232426 2.40534e-05 0.76755
18.8 0.232808 2.23631e-05 0.767169
18.9 0.23319 2.07942e-05 0.766789
19 0.233572 1.93377e-05 0.766408
19.1 0.233954 1.79854e-05 0.766028
19.2 0.234336 1.67298e-05 0.765647
19.3 0.234717 1.55637e-05 0.765267
19.4 0.235099 1.44807e-05 0.764887
19.5 0.23548 1.34748e-05 0.764506
19.6 0.235862 1.25402e-05 0.764126
19.7 0.236243 1.16719e-05 0.763745
19.8 0.236624 1.08651e-05 0.763365
19.9 0.237005 1.01152e-05 0.762985
20 0.237386 9.41831e-06 0.762605
20.1 0.237766 8.77048e-06 0.762225
20.2 0.238147 8.16821e-06 0.761845
20.3 0.238527 7.60823e-06 0.761465
20.4 0.238907 7.08751e-06 0.761086
20.5 0.239287 6.60323e-06 0.760706
20.6 0.239667 6.1528e-06 0.760327
20.7 0.240047 5.7338e-06 0.759947
20.8 0.240426 5.34398e-06 0.759568
20.9 0.240806 4.98127e-06 0.759189
21 0.241185 4.64375e-06 0.75881
21.1 0.241564 4.32962e-06 0.758431
21.2 0.241943 4.03724e-06 0.758053
21.3 0.242322 3.76506e-06 0.757674
21.4 0.2427 3.51166e-06 0.757296
21.5 0.243079 3.27571e-06 0.756918
21.6 0.243457 3.05599e-06 0.75654
21.7 0.243835 2.85135e-06 0.756162
21.8 0.244213 2.66074e-06 0.755784
21.9 0.244591 2.48317e-06 0.755407
22 0.244968 2.31774e-06 0.75503
22.1 0.245345 2.16359e-06 0.754652
22.2 0.245723 2.01993e-06 0.754275
22.3 0.2461 1.88604e-06 0.753898
22.4 0.246476 1.76124e-06 0.753522
22.5 0.246853 1.6449e-06 0.753145
22.6 0.247229 1.53643e-06 0.752769
22.7 0.247606 1.43528e-06 0.752393
22.8 0.247982 1.34096e-06 0.752017
22.9 0.248358 1.25299e-06 0.751641
23 0.248733 1.17092e-06 0.751265
23.1 0.249109 1.09437e-06 0.75089
23.2 0.249484 1.02294e-06 0.750515
23.3 0.24986 9.56294e-07 0.750139
23.4 0.250235 8.94094e-07 0.749765
23.5 0.250609 8.36041e-07 0.74939
23.6 0.250984 7.81851e-07 0.749015
23.7 0.251358 7.31262e-07 0.748641
23.8 0.251733 6.84028e-07 0.748267
23.9 0.252107 6.39921e-07 0.747893
24 0.252481 5.98731e-07 0.747519
24.1 0.252854 5.60259e-07 0.747145
24.2 0.253228 5.24322e-07 0.746771
24.3 0.253601 4.90749e-07 0.746398
24.4 0.253974 4.5938e-07 0.746025
24.5 0.254347 4.30068e-07 0.745652
24.6 0.25472 4.02675e-07 0.745279
24.7 0.255093 3.77071e-07 0.744907
24.8 0.255465 3.53138e-07 0.744534
24.9 0.255838 3.30763e-07 0.744162
25 0.25621 3.09842e-07 0.74379
25.1 0.256581 2.9028e-07 0.743418
25.2 0.256953 2.71985e-07 0.743047
25.3 0.257325 2.54873e-07 0.742675
25.4 0.257696 2.38866e-07 0.742304
25.5 0.258067 2.23892e-07 0.741933
25.6 0.258438 2.0988e-07 0.741562
25.7 0.258809 1.9677e-07 0.741191
25.8 0.259179 1.845e-07 0.74082
25.9 0.25955 1.73015e-07 0.74045
26 0.25992 1.62265e-07 0.74008
26.1 0.26029 1.52201e-07 0.73971
26.2 0.26066 1.42777e-07 0.73934
26.3 0.26103 1.33953e-07 0.73897
26.4 0.261399 1.2569e-07 0.738601
26.5 0.261768 1.1795e-07 0.738232
26.6 0.262137 1.10699e-07 0.737862
26.7 0.262506 1.03907e-07 0.737494
26.8 0.262875 9.75429e-08 0.737125
26.9 0.263244 9.15793e-08 0.736756
27 0.263612 8.59905e-08 0.736388
27.1 0.26398 8.07523e-08 0.73602
27.2 0.264348 7.58421e-08 0.735652
27.3 0.264716 7.12388e-08 0.735284
27.4 0.265084 6.69228e-08 0.734916
27.5 0.265451 6.28756e-08 0.734549
27.6 0.265818 5.90802e-08 0.734182
27.7 0.266185 5.55203e-08 0.733815
27.8 0.266552 5.21811e-08 0.733448
27.9 0.266919 4.90484e-08 0.733081
28 0.267286 4.61092e-08 0.732714
28.1 0.267652 4.33512e-08 0.732348
28.2 0.268018 4.0763e-08 0.731982
28.3 0.268384 3.83337e-08 0.731616
28.4 0.26875 3.60535e-08 0.73125
28.5 0.269116 3.39128e-08 0.730884
28.6 0.269481 3.19029e-08 0.730519
28.7 0.269846 3.00157e-08 0.730154
28.8 0.270211 2.82434e-08 0.729789
28.9 0.270576 2.65788e-08 0.729424
29 0.270941 2.50153e-08 0.729059
29.1 0.271305 2.35464e-08 0.728695
29.2 0.27167 2.21664e-08 0.72833
29.3 0.272034 2.08697e-08 0.727966
29.4 0.272398 1.96511e-08 0.727602
29.5 0.272762 1.85058e-08 0.727238
29.6 0.273125 1.74293e-08 0.726875
29.7 0.273489 1.64173e-08 0.726511
29.8 0.273852 1.54659e-08 0.726148
29.9 0.274215 1.45713e-08 0.725785
30 0.274578 1.373e-08 0.725422
30.1 0.274941 1.29388e-08 0.725059
30.2 0.275303 1.21946e-08 0.724697
30.3 0.275666 1.14945e-08 0.724334
30.4 0.276028 1.08359e-08 0.723972
30.5 0.27639 1.02161e-08 0.72361
30.6 0.276752 9.63296e-09 0.723248
30.7 0.277113 9.08413e-09 0.722887
30.8 0.277475 8.56755e-09 0.722525
30.9 0.277836 8.08128e-09 0.722164
31 0.278197 7.62348e-09 0.721803
31.1 0.278558 7.19244e-09 0.721442
31.2 0.278919 6.78655e-09 0.721081
31.3 0.279279 6.4043e-09 0.720721
31.4 0.279639 6.04428e-09 0.720361
31.5 0.28 5.70514e-09 0.72
31.6 0.28036 5.38566e-09 0.71964
31.7 0.280719 5.08464e-09 0.719281
31.8 0.281079 4.801e-09 0.718921
31.9 0.281439 4.5337e-09 0.718561
32 0.281798 4.28177e-09 0.718202
32.1 0.282157 4.0443e-09 0.717843
32.2 0.282516 3.82043e-09 0.717484
32.3 0.282875 3.60937e-09 0.717125
32.4 0.283233 3.41036e-09 0.716767
32.5 0.283592 3.22269e-09 0.716408
32.6 0.28395 3.04569e-09 0.71605
32.7 0.284308 2.87874e-09 0.715692
32.8 0.284666 2.72125e-09 0.715334
32.9 0.285023 2.57267e-09 0.714977
33 0.285381 2.43248e-09 0.714619
33.1 0.285738 2.30018e-09 0.714262
33.2 0.286095 2.17533e-09 0.713905
33.3 0.286452 2.05749e-09 0.713548
33.4 0.286809 1.94626e-09 0.713191
33.5 0.287166 1.84124e-09 0.712834
33.6 0.287522 1.74209e-09 0.712478
33.7 0.287878 1.64846e-09 0.712122
33.8 0.288234 1.56005e-09 0.711766
33.9 0.28859 1.47654e-09 0.71141
34 0.288946 1.39766e-09 0.711054
34.1 0.289301 1.32314e-09 0.710699
34.2 0.289657 1.25273e-09 0.710343
34.3 0.290012 1.18621e-09 0.709988
34.4 0.290367 1.12335e-09 0.709633
34.5 0.290722 1.06393e-09 0.709278
34.6 0.291076 1.00777e-09 0.708924
34.7 0.291431 9.54687e-10 0.708569
34.8 0.291785 9.04499e-10 0.708215
34.9 0.292139 8.57045e-10 0.707861
35 0.292493 8.12171e-10 0.707507
35.1 0.292847 7.69734e-10 0.707153
35.2 0.2932 7.29595e-10 0.7068
35.3 0.293554 6.91627e-10 0.706446
35.4 0.293907 6.55708e-10 0.706093
35.5 0.29426 6.21724e-10 0.70574
35.6 0.294613 5.89568e-10 0.705387
35.7 0.294966 5.59136e-10 0.705034
35.8 0.295318 5.30335e-10 0.704682
35.9 0.295671 5.03074e-10 0.704329
36 0.296023 4.77266e-10 0.703977
36.1 0.296375 4.52834e-10 0.703625
36.2 0.296726 4.29699e-10 0.703273
36.3 0.297078 4.07793e-10 0.702922
36.4 0.29743 3.87045e-10 0.70257
36.5 0.297781 3.67395e-10 0.702219
36.6 0.298132 3.4878e-10 0.701868
36.7 0.298483 3.31146e-10 0.701517
36.8 0.298834 3.14438e-10 0.701166
36.9 0.299184 2.98606e-10 0.700816
37 0.299535 2.83603e-10 0.700465
37.1 0.299885 2.69383e-10 0.700115
37.2 0.300235 2.55904e-10 0.699765
37.3 0.300585 2.43127e-10 0.699415
37.4 0.300935 2.31014e-10 0.699065
37.5 0.301284 2.19528e-10 0.698716
37.6 0.301633 2.08636e-10 0.698367
37.7 0.301983 1.98306e-10 0.698017
37.8 0.302332 1.88509e-10 0.697668
37.9 0.30268 1.79215e-10 0.69732
38 0.303029 1.70399e-10 0.696971
38.1 0.303378 1.62034e-10 0.696622
38.2 0.303726 1.54096e-10 0.696274
38.3 0.304074 1.46564e-10 0.695926
38.4 0.304422 1.39414e-10 0.695578
38.5 0.30477 1.32629e-10 0.69523
38.6 0.305117 1.26187e-10 0.694883
38.7 0.305465 1.20071e-10 0.694535
38.8 0.305812 1.14265e-10 0.694188
38.9 0.306159 1.08751e-10 0.693841
39 0.306506 1.03514e-10 0.693494
39.1 0.306853 9.85405e-11 0.693147
39.2 0.307199 9.3816e-11 0.6928
39.3 0.307546 8.93279e-11 0.692454
39.4 0.307892 8.50637e-11 0.692108
39.5 0.308238 8.10119e-11 0.691762
39.6 0.308584 7.71615e-11 0.691416
39.7 0.30893 7.35022e-11 0.69107
39.8 0.309275 7.0024e-11 0.690725
39.9 0.309621 6.67176e-11 0.690379
40 0.309966 6.35743e-11 0.690034
40.1 0.310311 6.05856e-11 0.689689
40.2 0.310656 5.77438e-11 0.689344
40.3 0.311 5.50412e-11 0.689
40.4 0.311345 5.24707e-11 0.688655
40.5 0.311689 5.00258e-11 0.688311
40.6 0.312033 4.76999e-11 0.687967
40.7 0.312377 4.54871e-11 0.687623
40.8 0.312721 4.33817e-11 0.687279
40.9 0.313065 4.13782e-11 0.686935
41 0.313408 3.94714e-11 0.686592
41.1 0.313752 3.76566e-11 0.686248
41.2 0.314095 3.59291e-11 0.685905
41.3 0.314438 3.42846e-11 0.685562
41.4 0.31478 3.27189e-11 0.68522
41.5 0.315123 3.1228e-11 0.684877
41.6 0.315465 2.98083e-11 0.684535
41.7 0.315808 2.84562e-11 0.684192
41.8 0.31615 2.71683e-11 0.68385
41.9 0.316492 2.59415e-11 0.683508
42 0.316833 2.47728e-11 0.683166
42.1 0.317175 2.36593e-11 0.682825
42.2 0.317516 2.25982e-11 0.682483
42.3 0.317858 2.1587e-11 0.682142
42.4 0.318199 2.06233e-11 0.681801
42.5 0.31854 1.97048e-11 0.68146
42.6 0.31888 1.88291e-11 0.68112
42.7 0.319221 1.79943e-11 0.680779
42.8 0.319561 1.71984e-11 0.680439
42.9 0.319902 1.64394e-11 0.680098
43 0.320242 1.57156e-11 0.679758
43.1 0.320582 1.50252e-11 0.679418
43.2 0.320921 1.43667e-11 0.679079
43.3 0.321261 1.37386e-11 0.678739
43.4 0.3216 1.31393e-11 0.6784
43.5 0.321939 1.25674e-11 0.678061
43.6 0.322278 1.20218e-11 0.677722
43.7 0.322617 1.1501e-11 0.677383
43.8 0.322956 1.1004e-11 0.677044
43.9 0.323294 1.05296e-11 0.676706
44 0.323633 1.00767e-11 0.676367
44.1 0.323971 9.64432e-12 0.676029
44.2 0.324309 9.23146e-12 0.675691
44.3 0.324647 8.83721e-12 0.675353
44.4 0.324985 8.46069e-12 0.675015
44.5 0.325322 8.10107e-12 0.674678
44.6 0.325659 7.75756e-12 0.674341
44.7 0.325997 7.4294e-12 0.674003
44.8 0.326334 7.11587e-12 0.673666
44.9 0.32667 6.81629e-12 0.67333
45 0.327007 6.53001e-12 0.672993
45.1 0.327344 6.25642e-12 0.672656
45.2 0.32768 5.99492e-12 0.67232
45.3 0.328016 5.74496e-12 0.671984
45.4 0.328352 5.50599e-12 0.671648
45.5 0.328688 5.27753e-12 0.671312
45.6 0.329024 5.05907e-12 0.670976
45.7 0.329359 4.85017e-12 0.670641
45.8 0.329694 4.65038e-12 0.670306
45.9 0.330029 4.45929e-12 0.669971
46 0.330364 4.27649e-12 0.669636
46.1 0.330699 4.10163e-12 0.669301
46.2 0.331034 3.93432e-12 0.668966
46.3 0.331368 3.77423e-12 0.668632
46.4 0.331703 3.62104e-12 0.668297
46.5 0.332037 3.47443e-12 0.667963
46.6 0.332371 3.3341e-12 0.667629
46.7 0.332705 3.19977e-12 0.667295
46.8 0.333038 3.07118e-12 0.666962
46.9 0.333372 2.94806e-12 0.666628
47 0.333705 2.83017e-12 0.666295
47.1 0.334038 2.71728e-12 0.665962
47.2 0.334371 2.60916e-12 0.665629
47.3 0.334704 2.50561e-12 0.665296
47.4 0.335037 2.40641e-12 0.664963
47.5 0.335369 2.31139e-12 0.664631
47.6 0.335701 2.22034e-12 0.664298
47.7 0.336034 2.13311e-12 0.663966
47.8 0.336366 2.04951e-12 0.663634
47.9 0.336697 1.96939e-12 0.663303
48 0.337029 1.89261e-12 0.662971
48.1 0.337361 1.819e-12 0.662639
48.2 0.337692 1.74844e-12 0.662308
48.3 0.338023 1.68079e-12 0.661977
48.4 0.338354 1.61592e-12 0.661646
48.5 0.338685 1.55372e-12 0.661315
48.6 0.339016 1.49406e-12 0.660984
48.7 0.339346 1.43685e-12 0.660654
48.8 0.339676 1.38197e-12 0.660324
48.9 0.340006 1.32932e-12 0.659993
49 0.340336 1.2788e-12 0.659663
49.1 0.340666 1.23034e-12 0.659334
49.2 0.340996 1.18383e-12 0.659004
49.3 0.341325 1.1392e-12 0.658674
49.4 0.341655 1.09636e-12 0.658345
49.5 0.341984 1.05525e-12 0.658016
49.6 0.342313 1.01578e-12 0.657687
49.7 0.342642 9.7788e-13 0.657358
49.8 0.342971 9.41496e-13 0.657029
49.9 0.343299 9.06558e-13 0.656701
50 0.343627 8.73006e-13 0.656373
50.1 0.343956 8.40782e-13 0.656044
50.2 0.344284 8.0983e-13 0.655716
50.3 0.344611 7.80097e-13 0.655389
50.4 0.344939 7.51533e-13 0.655061
50.5 0.345267 7.24088e-13 0.654733
50.6 0.345594 6.97717e-13 0.654406
50.7 0.345921 6.72374e-13 0.654079
50.8 0.346248 6.48019e-13 0.653752
50.9 0.346575 6.24609e-13 0.653425
51 0.346902 6.02106e-13 0.653098
51.1 0.347228 5.80472e-13 0.652772
51.2 0.347555 5.59673e-13 0.652445
51.3 0.347881 5.39674e-13 0.652119
51.4 0.348207 5.20442e-13 0.651793
51.5 0.348533 5.01947e-13 0.651467
51.6 0.348859 4.84158e-13 0.651141
51.7 0.349184 4.67047e-13 0.650816
51.8 0.34951 4.50586e-13 0.65049
51.9 0.349835 4.34749e-13 0.650165
52 0.35016 4.19511e-13 0.64984
52.1 0.350485 4.04848e-13 0.649515
52.2 0.35081 3.90738e-13 0.64919
52.3 0.351134 3.77157e-13 0.648866
52.4 0.351459 3.64085e-13 0.648541
52.5 0.351783 3.51501e-13 0.648217
52.6 0.352107 3.39386e-13 0.647893
52.7 0.352431 3.27722e-13 0.647569
52.8 0.352755 3.16491e-13 0.647245
52.9 0.353078 3.05676e-13 0.646921
53 0.353402 2.95259e-13 0.646598
53.1 0.353725 2.85226e-13 0.646275
53.2 0.354048 2.75562e-13 0.645952
53.3 0.354371 2.66252e-13 0.645629
53.4 0.354694 2.57283e-13 0.645306
53.5 0.355017 2.4864e-13 0.644983
53.6 0.355339 2.40312e-13 0.644661
53.7 0.355662 2.32286e-13 0.644338
53.8 0.355984 2.2455e-13 0.644016
53.9 0.356306 2.17094e-13 0.643694
54 0.356628 2.09907e-13 0.643372
54.1 0.356949 2.02977e-13 0.643051
54.2 0.357271 1.96296e-13 0.642729
54.3 0.357592 1.89854e-13 0.642408
54.4 0.357913 1.83642e-13 0.642087
54.5 0.358234 1.7765e-13 0.641765
54.6 0.358555 1.71871e-13 0.641445
54.7 0.358876 1.66297e-13 0.641124
54.8 0.359197 1.60919e-13 0.640803
54.9 0.359517 1.55731e-13 0.640483
55 0.359837 1.50725e-13 0.640163
55.1 0.360157 1.45895e-13 0.639843
55.2 0.360477 1.41233e-13 0.639523
55.3 0.360797 1.36734e-13 0.639203
55.4 0.361117 1.32391e-13 0.638883
55.5 0.361436 1.28199e-13 0.638564
55.6 0.361755 1.24152e-13 0.638245
55.7 0.362075 1.20244e-13 0.637925
55.8 0.362393 1.16471e-13 0.637606
55.9 0.362712 1.12828e-13 0.637288
56 0.363031 1.09309e-13 0.636969
56.1 0.363349 1.0591e-13 0.636651
56.2 0.363668 1.02628e-13 0.636332
56.3 0.363986 9.94566e-14 0.636014
56.4 0.364304 9.63929e-14 0.635696
56.5 0.364622 9.34328e-14 0.635378
56.6 0.364939 9.05725e-14 0.635061
56.7 0.365257 8.78084e-14 0.634743
56.8 0.365574 8.5137e-14 0.634426
56.9 0.365892 8.2555e-14 0.634108
57 0.366209 8.00591e-14 0.633791
57.1 0.366526 7.76464e-14 0.633474
57.2 0.366842 7.53137e-14 0.633158
57.3 0.367159 7.30582e-14 0.632841
57.4 0.367475 7.08773e-14 0.632525
57.5 0.367792 6.87682e-14 0.632208
57.6 0.368108 6.67283e-14 0.631892
57.7 0.368424 6.47553e-14 0.631576
57.8 0.368739 6.28468e-14 0.631261
57.9 0.369055 6.10005e-14 0.630945
58 0.36937 5.92142e-14 0.63063
58.1 0.369686 5.74858e-14 0.630314
58.2 0.370001 5.58133e-14 0.629999
58.3 0.370316 5.41947e-14 0.629684
58.4 0.370631 5.26282e-14 0.629369
58.5 0.370945 5.11119e-14 0.629055
58.6 0.37126 4.96442e-14 0.62874
58.7 0.371574 4.82233e-14 0.628426
58.8 0.371889 4.68476e-14 0.628111
58.9 0.372203 4.55155e-14 0.627797
59 0.372517 4.42256e-14 0.627483
59.1 0.37283 4.29765e-14 0.62717
59.2 0.373144 4.17667e-14 0.626856
59.3 0.373457 4.05948e-14 0.626543
59.4 0.373771 3.94597e-14 0.626229
59.5 0.374084 3.836e-14 0.625916
59.6 0.374397 3.72945e-14 0.625603
59.7 0.374709 3.62622e-14 0.625291
59.8 0.375022 3.52618e-14 0.624978
59.9 0.375335 3.42923e-14 0.624665
60 0.375647 3.33527e-14 0.624353
60.1 0.375959 3.2442e-14 0.624041
60.2 0.376271 3.15592e-14 0.623729
60.3 0.376583 3.07034e-14 0.623417
60.4 0.376895 2.98736e-14 0.623105
60.5 0.377206 2.90691e-14 0.622794
60.6 0.377518 2.82889e-14 0.622482
60.7 0.377829 2.75323e-14 0.622171
60.8 0.37814 2.67985e-14 0.62186
60.9 0.378451 2.60868e-14 0.621549
61 0.378762 2.53964e-14 0.621238
61.1 0.379072 2.47267e-14 0.620928
61.2 0.379383 2.40769e-14 0.620617
61.3 0.379693 2.34465e-14 0.620307
61.4 0.380003 2.28347e-14 0.619997
61.5 0.380313 2.2241e-14 0.619687
61.6 0.380623 2.16648e-14 0.619377
61.7 0.380933 2.11056e-14 0.619067
61.8 0.381242 2.05628e-14 0.618758
61.9 0.381552 2.00358e-14 0.618448
62 0.381861 1.95242e-14 0.618139
62.1 0.38217 1.90275e-14 0.61783
62.2 0.382479 1.85451e-14 0.617521
62.3 0.382788 1.80768e-14 0.617212
62.4 0.383096 1.76219e-14 0.616904
62.5 0.383405 1.71801e-14 0.616595
62.6 0.383713 1.67509e-14 0.616287
62.7 0.384021 1.63341e-14 0.615979
62.8 0.384329 1.59291e-14 0.615671
62.9 0.384637 1.55356e-14 0.615363
63 0.384945 1.51533e-14 0.615055
63.1 0.385252 1.47818e-14 0.614748
63.2 0.385559 1.44208e-14 0.61444
63.3 0.385867 1.40699e-14 0.614133
63.4 0.386174 1.37288e-14 0.613826
63.5 0.386481 1.33973e-14 0.613519
63.6 0.386787 1.3075e-14 0.613213
63.7 0.387094 1.27617e-14 0.612906
63.8 0.387401 1.2457e-14 0.612599
63.9 0.387707 1.21608e-14 0.612293
64 0.388013 1.18728e-14 0.611987
64.1 0.388319 1.15926e-14 0.611681
64.2 0.388625 1.13201e-14 0.611375
64.3 0.38893 1.10551e-14 0.611069
64.4 0.389236 1.07973e-14 0.610764
64.5 0.389541 1.05465e-14 0.610459
64.6 0.389847 1.03024e-14 0.610153
64.7 0.390152 1.0065e-14 0.609848
64.8 0.390457 9.83398e-15 0.609543
64.9 0.390761 9.60915e-15 0.609239
65 0.391066 9.39033e-15 0.608934
65.1 0.39137 9.17736e-15 0.608629
65.2 0.391675 8.97005e-15 0.608325
65.3 0.391979 8.76825e-15 0.608021
65.4 0.392283 8.57178e-15 0.607717
65.5 0.392587 8.3805e-15 0.607413
65.6 0.392891 8.19425e-15 0.607109
65.7 0.393194 8.01289e-15 0.606806
65.8 0.393497 7.83627e-15 0.606502
65.9 0.393801 7.66426e-15 0.606199
66 0.394104 7.49672e-15 0.605896
66.1 0.394407 7.33353e-15 0.605593
66.2 0.39471 7.17455e-15 0.60529
66.3 0.395012 7.01967e-15 0.604988
66.4 0.395315 6.86878e-15 0.604685
66.5 0.395617 6.72175e-15 0.604383
66.6 0.395919 6.57847e-15 0.604081
66.7 0.396221 6.43885e-15 0.603779
66.8 0.396523 6.30277e-15 0.603477
66.9 0.396825 6.17014e-15 0.603175
67 0.397127 6.04086e-15 0.602873
67.1 0.397428 5.91484e-15 0.602572
67.2 0.397729 5.79198e-15 0.602271
67.3 0.39803 5.67219e-15 0.60197
67.4 0.398331 5.5554e-15 0.601669
67.5 0.398632 5.44151e-15 0.601368
67.6 0.398933 5.33045e-15 0.601067
67.7 0.399233 5.22213e-15 0.600767
67.8 0.399534 5.11649e-15 0.600466
67.9 0.399834 5.01344e-15 0.600166
68 0.400134 4.91292e-15 0.599866
68.1 0.400434 4.81486e-15 0.599566
68.2 0.400734 4.71919e-15 0.599266
68.3 0.401033 4.62585e-15 0.598967
68.4 0.401333 4.53476e-15 0.598667
68.5 0.401632 4.44588e-15 0.598368
68.6 0.401931 4.35914e-15 0.598069
68.7 0.40223 4.27449e-15 0.597769
68.8 0.402529 4.19186e-15 0.597471
68.9 0.402828 4.1112e-15 0.597172
69 0.403127 4.03246e-15 0.596873
69.1 0.403425 3.9556e-15 0.596575
69.2 0.403723 3.88055e-15 0.596277
69.3 0.404022 3.80727e-15 0.595978
69.4 0.40432 3.73572e-15 0.59568
69.5 0.404617 3.66585e-15 0.595383
69.6 0.404915 3.59761e-15 0.595085
69.7 0.405213 3.53096e-15 0.594787
69.8 0.40551 3.46586e-15 0.59449
69.9 0.405807 3.40228e-15 0.594193
70 0.406104 3.34016e-15 0.593896
70.1 0.406401 3.27947e-15 0.593599
70.2 0.406698 3.22018e-15 0.593302
70.3 0.406995 3.16225e-15 0.593005
70.4 0.407291 3.10564e-15 0.592709
70.5 0.407588 3.05032e-15 0.592412
70.6 0.407884 2.99626e-15 0.592116
70.7 0.40818 2.94342e-15 0.59182
70.8 0.408476 2.89177e-15 0.591524
70.9 0.408772 2.84129e-15 0.591228
71 0.409067 2.79194e-15 0.590933
71.1 0.409363 2.7437e-15 0.590637
71.2 0.409658 2.69653e-15 0.590342
71.3 0.409953 2.65041e-15 0.590047
71.4 0.410248 2.60532e-15 0.589752
71.5 0.410543 2.56122e-15 0.589457
71.6 0.410838 2.5181e-15 0.589162
71.7 0.411132 2.47592e-15 0.588868
71.8 0.411427 2.43467e-15 0.588573
71.9 0.411721 2.39432e-15 0.588279
72 0.412015 2.35486e-15 0.587985
72.1 0.412309 2.31625e-15 0.587691
72.2 0.412603 2.27848e-15 0.587397
72.3 0.412897 2.24152e-15 0.587103
72.4 0.41319 2.20536e-15 0.58681
72.5 0.413484 2.16998e-15 0.586516
72.6 0.413777 2.13536e-15 0.586223
72.7 0.41407 2.10148e-15 0.58593
72.8 0.414363 2.06832e-15 0.585637
72.9 0.414656 2.03587e-15 0.585344
73 0.414949 2.0041e-15 0.585051
73.1 0.415241 1.97301e-15 0.584759
73.2 0.415533 1.94257e-15 0.584467
73.3 0.415826 1.91277e-15 0.584174
73.4 0.416118 1.88359e-15 0.583882
73.5 0.41641 1.85503e-15 0.58359
73.6 0.416701 1.82706e-15 0.583299
73.7 0.416993 1.79967e-15 0.583007
73.8 0.417285 1.77286e-15 0.582715
73.9 0.417576 1.74659e-15 0.582424
74 0.417867 1.72087e-15 0.582133
74.1 0.418158 1.69568e-15 0.581842
74.2 0.418449 1.671e-15 0.581551
74.3 0.41874 1.64683e-15 0.58126
74.4 0.419031 1.62315e-15 0.580969
74.5 0.419321 1.59995e-15 0.580679
74.6 0.419611 1.57723e-15 0.580389
74.7 0.419902 1.55496e-15 0.580098
74.8 0.420192 1.53315e-15 0.579808
74.9 0.420482 1.51177e-15 0.579518
75 0.420771 1.49083e-15 0.579229
75.1 0.421061 1.4703e-15 0.578939
75.2 0.42135 1.45018e-15 0.57865
75.3 0.42164 1.43047e-15 0.57836
75.4 0.421929 1.41115e-15 0.578071
75.5 0.422218 1.39221e-15 0.577782
75.6 0.422507 1.37364e-15 0.577493
75.7 0.422796 1.35544e-15 0.577204
75.8 0.423084 1.3376e-15 0.576916
75.9 0.423373 1.32012e-15 0.576627
76 0.423661 1.30297e-15 0.576339
76.1 0.423949 1.28616e-15 0.576051
76.2 0.424237 1.26968e-15 0.575763
76.3 0.424525 1.25351e-15 0.575475
76.4 0.424813 1.23767e-15 0.575187
76.5 0.4251 1.22213e-15 0.5749
76.6 0.425388 1.20689e-15 0.574612
76.7 0.425675 1.19194e-15 0.574325
76.8 0.425962 1.17728e-15 0.574038
76.9 0.426249 1.16291e-15 0.573751
77 0.426536 1.14881e-15 0.573464
77.1 0.426823 1.13498e-15 0.573177
77.2 0.427109 1.12141e-15 0.57289
77.3 0.427396 1.1081e-15 0.572604
77.4 0.427682 1.09505e-15 0.572318
77.5 0.427968 1.08224e-15 0.572032
77.6 0.428254 1.06968e-15 0.571746
77.7 0.42854 1.05735e-15 0.57146
77.8 0.428826 1.04526e-15 0.571174
77.9 0.429112 1.03339e-15 0.570888
78 0.429397 1.02175e-15 0.570603
78.1 0.429682 1.01032e-15 0.570318
78.2 0.429968 9.99113e-16 0.570032
78.3 0.430253 9.88113e-16 0.569747
78.4 0.430537 9.77318e-16 0.569463
78.5 0.430822 9.66725e-16 0.569178
78.6 0.431107 9.5633e-16 0.568893
78.7 0.431391 9.46128e-16 0.568609
78.8 0.431675 9.36115e-16 0.568325
78.9 0.43196 9.26289e-16 0.56804
79 0.432244 9.16644e-16 0.567756
79.1 0.432528 9.07178e-16 0.567472
79.2 0.432811 8.97887e-16 0.567189
79.3 0.433095 8.88767e-16 0.566905
79.4 0.433378 8.79816e-16 0.566622
79.5 0.433662 8.7103e-16 0.566338
79.6 0.433945 8.62405e-16 0.566055
79.7 0.434228 8.53939e-16 0.565772
79.8 0.434511 8.45629e-16 0.565489
79.9 0.434793 8.37472e-16 0.565207
80 0.435076 8.29464e-16 0.564924
80.1 0.435359 8.21603e-16 0.564641
80.2 0.435641 8.13886e-16 0.564359
80.3 0.435923 8.0631e-16 0.564077
80.4 0.436205 7.98874e-16 0.563795
80.5 0.436487 7.91573e-16 0.563513
80.6 0.436769 7.84406e-16 0.563231
80.7 0.43705 7.77371e-16 0.56295
80.8 0.437332 7.70464e-16 0.562668
80.9 0.437613 7.63683e-16 0.562387
81 0.437894 7.57027e-16 0.562106
81.1 0.438175 7.50493e-16 0.561825
81.2 0.438456 7.44078e-16 0.561544
81.3 0.438737 7.37781e-16 0.561263
81.4 0.439018 7.31599e-16 0.560982
81.5 0.439298 7.25531e-16 0.560702
81.6 0.439579 7.19574e-16 0.560421
81.7 0.439859 7.13726e-16 0.560141
81.8 0.440139 7.07986e-16 0.559861
81.9 0.440419 7.02352e-16 0.559581
82 0.440699 6.96821e-16 0.559301
82.1 0.440978 6.91392e-16 0.559022
82.2 0.441258 6.86064e-16 0.558742
82.3 0.441537 6.80835e-16 0.558463
82.4 0.441816 6.75702e-16 0.558184
82.5 0.442095 6.70664e-16 0.557905
82.6 0.442374 6.65721e-16 0.557626
82.7 0.442653 6.60869e-16 0.557347
82.8 0.442932 6.56108e-16 0.557068
82.9 0.44321 6.51436e-16 0.55679
83 0.443489 6.46852e-16 0.556511
83.1 0.443767 6.42355e-16 0.556233
83.2 0.444045 6.37942e-16 0.555955
83.3 0.444323 6.33612e-16 0.555677
83.4 0.444601 6.29365e-16 0.555399
83.5 0.444879 6.25199e-16 0.555121
83.6 0.445156 6.21112e-16 0.554844
83.7 0.445434 6.17104e-16 0.554566
83.8 0.445711 6.13173e-16 0.554289
83.9 0.445988 6.09318e-16 0.554012
84 0.446265 6.05539e-16 0.553735
84.1 0.446542 6.01832e-16 0.553458
84.2 0.446819 5.98199e-16 0.553181
84.3 0.447095 5.94637e-16 0.552905
84.4 0.447372 5.91146e-16 0.552628
84.5 0.447648 5.87724e-16 0.552352
84.6 0.447924 5.8437e-16 0.552076
84.7 0.4482 5.81085e-16 0.5518
84.8 0.448476 5.77865e-16 0.551524
84.9 0.448752 5.74712e-16 0.551248
85 0.449028 5.71623e-16 0.550972
85.1 0.449303 5.68598e-16 0.550697
85.2 0.449578 5.65636e-16 0.550422
85.3 0.449854 5.62737e-16 0.550146
85.4 0.450129 5.59898e-16 0.549871
85.5 0.450404 5.5712e-16 0.549596
85.6 0.450678 5.54402e-16 0.549322
85.7 0.450953 5.51743e-16 0.549047
85.8 0.451228 5.49142e-16 0.548772
85.9 0.451502 5.46599e-16 0.548498
86 0.451776 5.44112e-16 0.548224
86.1 0.45205 5.41681e-16 0.54795
86.2 0.452324 5.39306e-16 0.547676
86.3 0.452598 5.36986e-16 0.547402
86.4 0.452872 5.34719e-16 0.547128
86.5 0.453145 5.32506e-16 0.546855
86.6 0.453419 5.30346e-16 0.546581
86.7 0.453692 5.28239e-16 0.546308
86.8 0.453965 5.26182e-16 0.546035
86.9 0.454238 5.24177e-16 0.545762
87 0.454511 5.22223e-16 0.545489
87.1 0.454784 5.20319e-16 0.545216
87.2 0.455057 5.18464e-16 0.544943
87.3 0.455329 5.16658e-16 0.544671
87.4 0.455601 5.14901e-16 0.544399
87.5 0.455874 5.13191e-16 0.544126
87.6 0.456146 5.1153e-16 0.543854
87.7 0.456418 5.09915e-16 0.543582
87.8 0.456689 5.08347e-16 0.543311
87.9 0.456961 5.06826e-16 0.543039
88 0.457232 5.0535e-16 0.542768
88.1 0.457504 5.0392e-16 0.542496
88.2 0.457775 5.02535e-16 0.542225
88.3 0.458046 5.01194e-16 0.541954
88.4 0.458317 4.99898e-16 0.541683
88.5 0.458588 4.98646e-16 0.541412
88.6 0.458859 4.97437e-16 0.541141
88.7 0.459129 4.96272e-16 0.540871
88.8 0.4594 4.9515e-16 0.5406
88.9 0.45967 4.9407e-16 0.54033
89 0.45994 4.93033e-16 0.54006
89.1 0.46021 4.92038e-16 0.53979
89.2 0.46048 4.91085e-16 0.53952
89.3 0.46075 4.90174e-16 0.53925
89.4 0.46102 4.89304e-16 0.53898
89.5 0.461289 4.88475e-16 0.538711
89.6 0.461558 4.87687e-16 0.538442
89.7 0.461828 4.8694e-16 0.538172
89.8 0.462097 4.86233e-16 0.537903
89.9 0.462366 4.85566e-16 0.537634
90 0.462634 4.84939e-16 0.537366
90.1 0.462903 4.84353e-16 0.537097
90.2 0.463172 4.83806e-16 0.536828
90.3 0.46344 4.83299e-16 0.53656
90.4 0.463708 4.82831e-16 0.536292
90.5 0.463977 4.82402e-16 0.536023
90.6 0.464245 4.82013e-16 0.535755
90.7 0.464512 4.81663e-16 0.535488
90.8 0.46478 4.81352e-16 0.53522
90.9 0.465048 4.81079e-16 0.534952
91 0.465315 4.80845e-16 0.534685
91.1 0.465583 4.80651e-16 0.534417
91.2 0.46585 4.80494e-16 0.53415
91.3 0.466117 4.80376e-16 0.533883
91.4 0.466384 4.80297e-16 0.533616
91.5 0.466651 4.80256e-16 0.533349
91.6 0.466917 4.80254e-16 0.533083
91.7 0.467184 4.8029e-16 0.532816
91.8 0.46745 4.80365e-16 0.53255
91.9 0.467717 4.80478e-16 0.532283
92 0.467983 4.80629e-16 0.532017
92.1 0.468249 4.80819e-16 0.531751
92.2 0.468515 4.81047e-16 0.531485
92.3 0.46878 4.81314e-16 0.53122
92.4 0.469046 4.81619e-16 0.530954
92.5 0.469311 4.81963e-16 0.530689
92.6 0.469577 4.82345e-16 0.530423
92.7 0.469842 4.82766e-16 0.530158
92.8 0.470107 4.83226e-16 0.529893
92.9 0.470372 4.83725e-16 0.529628
93 0.470637 4.84262e-16 0.529363
93.1 0.470901 4.84839e-16 0.529099
93.2 0.471166 4.85455e-16 0.528834
93.3 0.47143 4.8611e-16 0.52857
93.4 0.471695 4.86805e-16 0.528305
93.5 0.471959 4.87539e-16 0.528041
93.6 0.472223 4.88313e-16 0.527777
93.7 0.472487 4.89127e-16 0.527513
93.8 0.472751 4.89981e-16 0.527249
93.9 0.473014 4.90876e-16 0.526986
94 0.473278 4.9181e-16 0.526722
94.1 0.473541 4.92786e-16 0.526459
94.2 0.473804 4.93802e-16 0.526196
94.3 0.474067 4.94859e-16 0.525933
94.4 0.47433 4.95958e-16 0.52567
94.5 0.474593 4.97098e-16 0.525407
94.6 0.474856 4.9828e-16 0.525144
94.7 0.475118 4.99505e-16 0.524882
94.8 0.475381 5.00771e-16 0.524619
94.9 0.475643 5.0208e-16 0.524357
95 0.475905 5.03432e-16 0.524095
95.1 0.476167 5.04828e-16 0.523833
95.2 0.476429 5.06267e-16 0.523571
95.3 0.476691 5.07749e-16 0.523309
95.4 0.476953 5.09276e-16 0.523047
95.5 0.477214 5.10848e-16 0.522786
95.6 0.477476 5.12464e-16 0.522524
95.7 0.477737 5.14126e-16 0.522263
95.8 0.477998 5.15833e-16 0.522002
95.9 0.478259 5.17587e-16 0.521741
96 0.47852 5.19387e-16 0.52148
96.1 0.478781 5.21234e-16 0.521219
96.2 0.479041 5.23128e-16 0.520959
96.3 0.479302 5.2507e-16 0.520698
96.4 0.479562 5.27061e-16 0.520438
96.5 0.479822 5.291e-16 0.520178
96.6 0.480082 5.31188e-16 0.519918
96.7 0.480342 5.33326e-16 0.519658
96.8 0.480602 5.35514e-16 0.519398
96.9 0.480862 5.37753e-16 0.519138
97 0.481121 5.40043e-16 0.518879
97.1 0.481381 5.42384e-16 0.518619
97.2 0.48164 5.44779e-16 0.51836
97.3 0.481899 5.47226e-16 0.518101
97.4 0.482158 5.49727e-16 0.517842
97.5 0.482417 5.52281e-16 0.517583
97.6 0.482676 5.54891e-16 0.517324
97.7 0.482935 5.57556e-16 0.517065
97.8 0.483193 5.60277e-16 0.516807
97.9 0.483452 5.63055e-16 0.516548
98 0.48371 5.6589e-16 0.51629
98.1 0.483968 5.68784e-16 0.516032
98.2 0.484226 5.71736e-16 0.515774
98.3 0.484484 5.74748e-16 0.515516
98.4 0.484742 5.7782e-16 0.515258
98.5 0.484999 5.80953e-16 0.515001
98.6 0.485257 5.84148e-16 0.514743
98.7 0.485514 5.87406e-16 0.514486
98.8 0.485772 5.90728e-16 0.514228
98.9 0.486029 5.94113e-16 0.513971
99 0.486286 5.97564e-16 0.513714
99.1 0.486543 6.01081e-16 0.513457
99.2 0.486799 6.04666e-16 0.513201
99.3 0.487056 6.08318e-16 0.512944
99.4 0.487312 6.12038e-16 0.512688
99.5 0.487569 6.15829e-16 0.512431
99.6 0.487825 6.19691e-16 0.512175
99.7 0.488081 6.23624e-16 0.511919
99.8 0.488337 6.27631e-16 0.511663
99.9 0.488593 6.31711e-16 0.511407
100 0.488848 6.35866e-16 0.511152
100.1 0.489104 6.40098e-16 0.510896
100.2 0.489359 6.44406e-16 0.51064
100.3 0.489615 6.48793e-16 0.510385
100.4 0.48987 6.5326e-16 0.51013
100.5 0.490125 6.57807e-16 0.509875
100.6 0.49038 6.62437e-16 0.50962
100.7 0.490635 6.67149e-16 0.509365
100.8 0.490889 6.71946e-16 0.50911
100.9 0.491144 6.76829e-16 0.508856
101 0.491398 6.81799e-16 0.508602
101.1 0.491653 6.86858e-16 0.508347
101.2 0.491907 6.92006e-16 0.508093
101.3 0.492161 6.97246e-16 0.507839
101.4 0.492415 7.02579e-16 0.507585
101.5 0.492669 7.08006e-16 0.507331
101.6 0.492922 7.13529e-16 0.507078
101.7 0.493176 7.19149e-16 0.506824
101.8 0.493429 7.24869e-16 0.506571
101.9 0.493683 7.30688e-16 0.506317
102 0.493936 7.36611e-16 0.506064
102.1 0.494189 7.42637e-16 0.505811
102.2 0.494442 7.48768e-16 0.505558
102.3 0.494694 7.55007e-16 0.505305
102.4 0.494947 7.61356e-16 0.505053
102.5 0.4952 7.67815e-16 0.5048
102.6 0.495452 7.74388e-16 0.504548
102.7 0.495704 7.81075e-16 0.504296
102.8 0.495956 7.87879e-16 0.504043
102.9 0.496209 7.94802e-16 0.503791
103 0.49646 8.01846e-16 0.50354
103.1 0.496712 8.09013e-16 0.503288
103.2 0.496964 8.16305e-16 0.503036
103.3 0.497215 8.23725e-16 0.502785
103.4 0.497467 8.31274e-16 0.502533
103.5 0.497718 8.38955e-16 0.502282
103.6 0.497969 8.4677e-16 0.502031
103.7 0.49822 8.54722e-16 0.50178
103.8 0.498471 8.62813e-16 0.501529
103.9 0.498722 8.71045e-16 0.501278
104 0.498972 8.79422e-16 0.501028
104.1 0.499223 8.87945e-16 0.500777
104.2 0.499473 8.96617e-16 0.500527
104.3 0.499724 9.05442e-16 0.500276
104.4 0.499974 9.14421e-16 0.500026
104.5 0.500224 9.23558e-16 0.499776
104.6 0.500474 9.32856e-16 0.499526
104.7 0.500723 9.42317e-16 0.499277
104.8 0.500973 9.51944e-16 0.499027
104.9 0.501223 9.61742e-16 0.498777
105 0.501472 9.71712e-16 0.498528
105.1 0.501721 9.81858e-16 0.498279
105.2 0.50197 9.92184e-16 0.49803
105.3 0.502219 1.00269e-15 0.497781
105.4 0.502468 1.01339e-15 0.497532
105.5 0.502717 1.02427e-15 0.497283
105.6 0.502966 1.03535e-15 0.497034
105.7 0.503214 1.04662e-15 0.496786
105.8 0.503463 1.0581e-15 0.496537
105.9 0.503711 1.06978e-15 0.496289
106 0.503959 1.08167e-15 0.496041
106.1 0.504207 1.09377e-15 0.495793
106.2 0.504455 1.10609e-15 0.495545
106.3 0.504703 1.11863e-15 0.495297
106.4 0.50495 1.13139e-15 0.49505
106.5 0.505198 1.14438e-15 0.494802
106.6 0.505445 1.15761e-15 0.494555
106.7 0.505693 1.17108e-15 0.494307
106.8 0.50594 1.18479e-15 0.49406
106.9 0.506187 1.19875e-15 0.493813
107 0.506434 1.21296e-15 0.493566
107.1 0.50668 1.22743e-15 0.49332
107.2 0.506927 1.24217e-15 0.493073
107.3 0.507174 1.25717e-15 0.492826
107.4 0.50742 1.27245e-15 0.49258
107.5 0.507666 1.288e-15 0.492334
107.6 0.507912 1.30385e-15 0.492088
107.7 0.508159 1.31998e-15 0.491841
107.8 0.508404 1.33641e-15 0.491596
107.9 0.50865 1.35314e-15 0.49135
108 0.508896 1.37019e-15 0.491104
108.1 0.509141 1.38755e-15 0.490859
108.2 0.509387 1.40523e-15 0.490613
108.3 0.509632 1.42324e-15 0.490368
108.4 0.509877 1.44158e-15 0.490123
108.5 0.510122 1.46027e-15 0.489878
108.6 0.510367 1.47931e-15 0.489633
108.7 0.510612 1.4987e-15 0.489388
108.8 0.510857 1.51846e-15 0.489143
108.9 0.511101 1.53859e-15 0.488899
109 0.511346 1.5591e-15 0.488654
109.1 0.51159 1.58e-15 0.48841
109.2 0.511834 1.60129e-15 0.488166
109.3 0.512079 1.62299e-15 0.487921
109.4 0.512322 1.6451e-15 0.487677
109.5 0.512566 1.66763e-15 0.487434
109.6 0.51281 1.69059e-15 0.48719
109.7 0.513054 1.714e-15 0.486946
109.8 0.513297 1.73785e-15 0.486703
109.9 0.51354 1.76216e-15 0.48646
110 0.513784 1.78694e-15 0.486216
110.1 0.514027 1.8122e-15 0.485973
110.2 0.51427 1.83795e-15 0.48573
110.3 0.514513 1.86419e-15 0.485487
110.4 0.514755 1.89095e-15 0.485245
110.5 0.514998 1.91823e-15 0.485002
110.6 0.515241 1.94605e-15 0.484759
110.7 0.515483 1.9744e-15 0.484517
110.8 0.515725 2.00332e-15 0.484275
110.9 0.515967 2.0328e-15 0.484033
111 0.516209 2.06287e-15 0.483791
111.1 0.516451 2.09353e-15 0.483549
111.2 0.516693 2.1248e-15 0.483307
111.3 0.516935 2.15668e-15 0.483065
111.4 0.517176 2.18921e-15 0.482824
111.5 0.517418 2.22238e-15 0.482582
111.6 0.517659 2.25622e-15 0.482341
111.7 0.5179 2.29073e-15 0.4821
111.8 0.518141 2.32594e-15 0.481859
111.9 0.518382 2.36186e-15 0.481618
112 0.518623 2.3985e-15 0.481377
112.1 0.518864 2.43589e-15 0.481136
112.2 0.519104 2.47403e-15 0.480896
112.3 0.519345 2.51295e-15 0.480655
112.4 0.519585 2.55266e-15 0.480415
112.5 0.519825 2.59319e-15 0.480175
112.6 0.520065 2.63454e-15 0.479935
112.7 0.520305 2.67675e-15 0.479695
112.8 0.520545 2.71982e-15 0.479455
112.9 0.520785 2.76378e-15 0.479215
113 0.521024 2.80865e-15 0.478976
113.1 0.521264 2.85446e-15 0.478736
113.2 0.521503 2.90121e-15 0.478497
113.3 0.521742 2.94894e-15 0.478258
113.4 0.521982 2.99766e-15 0.478018
113.5 0.522221 3.04741e-15 0.477779
113.6 0.522459 3.09819e-15 0.477541
113.7 0.522698 3.15005e-15 0.477302
113.8 0.522937 3.203e-15 0.477063
113.9 0.523175 3.25707e-15 0.476825
114 0.523414 3.31229e-15 0.476586
114.1 0.523652 3.36868e-15 0.476348
114.2 0.52389 3.42627e-15 0.47611
114.3 0.524128 3.48509e-15 0.475872
114.4 0.524366 3.54516e-15 0.475634
114.5 0.524604 3.60653e-15 0.475396
114.6 0.524842 3.66921e-15 0.475158
114.7 0.525079 3.73325e-15 0.474921
114.8 0.525317 3.79867e-15 0.474683
114.9 0.525554 3.86551e-15 0.474446
115 0.525791 3.9338e-15 0.474209
115.1 0.526028 4.00358e-15 0.473971
115.2 0.526265 4.07487e-15 0.473735
115.3 0.526502 4.14773e-15 0.473498
115.4 0.526739 4.22218e-15 0.473261
115.5 0.526976 4.29828e-15 0.473024
115.6 0.527212 4.37604e-15 0.472788
115.7 0.527449 4.45553e-15 0.472551
115.8 0.527685 4.53677e-15 0.472315
115.9 0.527921 4.61982e-15 0.472079
116 0.528157 4.70472e-15 0.471843
116.1 0.528393 4.7915e-15 0.471607
116.2 0.528629 4.88023e-15 0.471371
116.3 0.528865 4.97095e-15 0.471135
116.4 0.5291 5.06371e-15 0.4709
